param 102 1 1
mgau 0
feat 0
density 	0 9.021756 -0.022451026 -0.14496666 0.246138 -0.24578051 -0.116418116 -0.1784655 -0.13805306 -0.12594816 -0.14067578 -0.11159512 -0.111759655 -0.09817178
mgau 1
feat 0
density 	0 4.1427927 -0.32990378 -0.029332256 0.1932748 -0.29305398 -0.13497597 0.25714815 -0.20723718 -0.14429507 0.0073284796 -0.16672815 -0.22396287 -0.031101504
mgau 2
feat 0
density 	0 9.021756 -0.022451026 -0.14496666 0.246138 -0.24578051 -0.116418116 -0.1784655 -0.13805306 -0.12594816 -0.14067578 -0.11159512 -0.111759655 -0.09817178
mgau 3
feat 0
density 	0 9.021756 -0.022451026 -0.14496666 0.246138 -0.24578051 -0.116418116 -0.1784655 -0.13805306 -0.12594816 -0.14067578 -0.11159512 -0.111759655 -0.09817178
mgau 4
feat 0
density 	0 4.5588365 -0.018175641 -0.061924614 -0.12592825 0.014045866 0.16485338 -0.05678332 0.12872945 -0.015799405 -0.16946755 -0.031855598 -0.12642133 0.018645132
mgau 5
feat 0
density 	0 9.021756 -0.022451026 -0.14496666 0.246138 -0.24578051 -0.116418116 -0.1784655 -0.13805306 -0.12594816 -0.14067578 -0.11159512 -0.111759655 -0.09817178
mgau 6
feat 0
density 	0 9.021756 -0.022451026 -0.14496666 0.246138 -0.24578051 -0.116418116 -0.1784655 -0.13805306 -0.12594816 -0.14067578 -0.11159512 -0.111759655 -0.09817178
mgau 7
feat 0
density 	0 6.780565 -0.6614692 -0.21045649 0.28088197 -0.2779824 -0.33633623 0.14641596 0.14514527 0.07094041 -0.081059486 -0.010246018 -0.14790112 -0.19646001
mgau 8
feat 0
density 	0 9.021756 -0.022451026 -0.14496666 0.246138 -0.24578051 -0.116418116 -0.1784655 -0.13805306 -0.12594816 -0.14067578 -0.11159512 -0.111759655 -0.09817178
mgau 9
feat 0
density 	0 9.021756 -0.022451026 -0.14496666 0.246138 -0.24578051 -0.116418116 -0.1784655 -0.13805306 -0.12594816 -0.14067578 -0.11159512 -0.111759655 -0.09817178
mgau 10
feat 0
density 	0 8.868349 -0.14115274 0.30589378 0.5839039 -0.79419446 -0.28447875 0.06552796 -0.043525502 -0.4064848 0.14923216 -0.2911371 -0.23122662 -0.109138295
mgau 11
feat 0
density 	0 9.021756 -0.022451026 -0.14496666 0.246138 -0.24578051 -0.116418116 -0.1784655 -0.13805306 -0.12594816 -0.14067578 -0.11159512 -0.111759655 -0.09817178
mgau 12
feat 0
density 	0 9.021756 -0.022451026 -0.14496666 0.246138 -0.24578051 -0.116418116 -0.1784655 -0.13805306 -0.12594816 -0.14067578 -0.11159512 -0.111759655 -0.09817178
mgau 13
feat 0
density 	0 6.6453233 -0.15621892 0.05999857 0.032362383 -0.15891081 -0.050630424 0.046778314 0.008055768 -0.38450283 -3.134255E-6 -0.22808546 -0.12793049 0.027729183
mgau 14
feat 0
density 	0 9.021756 -0.022451026 -0.14496666 0.246138 -0.24578051 -0.116418116 -0.1784655 -0.13805306 -0.12594816 -0.14067578 -0.11159512 -0.111759655 -0.09817178
mgau 15
feat 0
density 	0 9.021756 -0.022451026 -0.14496666 0.246138 -0.24578051 -0.116418116 -0.1784655 -0.13805306 -0.12594816 -0.14067578 -0.11159512 -0.111759655 -0.09817178
mgau 16
feat 0
density 	0 4.678035 0.033390645 0.07984483 0.15091391 0.016741354 -0.11861558 -0.23009834 -0.13278058 -0.03058868 0.025073232 -0.051680643 -0.1711834 0.11838198
mgau 17
feat 0
density 	0 9.021756 -0.022451026 -0.14496666 0.246138 -0.24578051 -0.116418116 -0.1784655 -0.13805306 -0.12594816 -0.14067578 -0.11159512 -0.111759655 -0.09817178
mgau 18
feat 0
density 	0 9.021756 -0.022451026 -0.14496666 0.246138 -0.24578051 -0.116418116 -0.1784655 -0.13805306 -0.12594816 -0.14067578 -0.11159512 -0.111759655 -0.09817178
mgau 19
feat 0
density 	0 4.1427927 -0.32990378 -0.029332256 0.1932748 -0.29305398 -0.13497597 0.25714815 -0.20723718 -0.14429507 0.0073284796 -0.16672815 -0.22396287 -0.031101504
mgau 20
feat 0
density 	0 9.021756 -0.022451026 -0.14496666 0.246138 -0.24578051 -0.116418116 -0.1784655 -0.13805306 -0.12594816 -0.14067578 -0.11159512 -0.111759655 -0.09817178
mgau 21
feat 0
density 	0 9.021756 -0.022451026 -0.14496666 0.246138 -0.24578051 -0.116418116 -0.1784655 -0.13805306 -0.12594816 -0.14067578 -0.11159512 -0.111759655 -0.09817178
mgau 22
feat 0
density 	0 4.678035 0.033390645 0.07984483 0.15091391 0.016741354 -0.11861558 -0.23009834 -0.13278058 -0.03058868 0.025073232 -0.051680643 -0.1711834 0.11838198
mgau 23
feat 0
density 	0 9.021756 -0.022451026 -0.14496666 0.246138 -0.24578051 -0.116418116 -0.1784655 -0.13805306 -0.12594816 -0.14067578 -0.11159512 -0.111759655 -0.09817178
mgau 24
feat 0
density 	0 9.021756 -0.022451026 -0.14496666 0.246138 -0.24578051 -0.116418116 -0.1784655 -0.13805306 -0.12594816 -0.14067578 -0.11159512 -0.111759655 -0.09817178
mgau 25
feat 0
density 	0 4.1427927 -0.32990378 -0.029332256 0.1932748 -0.29305398 -0.13497597 0.25714815 -0.20723718 -0.14429507 0.0073284796 -0.16672815 -0.22396287 -0.031101504
mgau 26
feat 0
density 	0 9.021756 -0.022451026 -0.14496666 0.246138 -0.24578051 -0.116418116 -0.1784655 -0.13805306 -0.12594816 -0.14067578 -0.11159512 -0.111759655 -0.09817178
mgau 27
feat 0
density 	0 9.021756 -0.022451026 -0.14496666 0.246138 -0.24578051 -0.116418116 -0.1784655 -0.13805306 -0.12594816 -0.14067578 -0.11159512 -0.111759655 -0.09817178
mgau 28
feat 0
density 	0 3.4462588 -0.1757522 0.019882064 0.0724151 -0.08476894 -0.1532367 -0.2046061 -0.21519153 -0.03147149 -0.11557202 -0.11531991 -0.19218165 -0.121850334
mgau 29
feat 0
density 	0 9.021756 -0.022451026 -0.14496666 0.246138 -0.24578051 -0.116418116 -0.1784655 -0.13805306 -0.12594816 -0.14067578 -0.11159512 -0.111759655 -0.09817178
mgau 30
feat 0
density 	0 9.021756 -0.022451026 -0.14496666 0.246138 -0.24578051 -0.116418116 -0.1784655 -0.13805306 -0.12594816 -0.14067578 -0.11159512 -0.111759655 -0.09817178
mgau 31
feat 0
density 	0 5.671295 0.00951151 -0.04781868 0.008449198 -0.09138134 0.16030194 -0.17496386 -0.4054861 -0.07526915 0.054937635 -0.22457682 -0.011877693 0.08412364
mgau 32
feat 0
density 	0 9.021756 -0.022451026 -0.14496666 0.246138 -0.24578051 -0.116418116 -0.1784655 -0.13805306 -0.12594816 -0.14067578 -0.11159512 -0.111759655 -0.09817178
mgau 33
feat 0
density 	0 9.021756 -0.022451026 -0.14496666 0.246138 -0.24578051 -0.116418116 -0.1784655 -0.13805306 -0.12594816 -0.14067578 -0.11159512 -0.111759655 -0.09817178
mgau 34
feat 0
density 	0 4.678035 0.033390645 0.07984483 0.15091391 0.016741354 -0.11861558 -0.23009834 -0.13278058 -0.03058868 0.025073232 -0.051680643 -0.1711834 0.11838198
mgau 35
feat 0
density 	0 9.021756 -0.022451026 -0.14496666 0.246138 -0.24578051 -0.116418116 -0.1784655 -0.13805306 -0.12594816 -0.14067578 -0.11159512 -0.111759655 -0.09817178
mgau 36
feat 0
density 	0 9.021756 -0.022451026 -0.14496666 0.246138 -0.24578051 -0.116418116 -0.1784655 -0.13805306 -0.12594816 -0.14067578 -0.11159512 -0.111759655 -0.09817178
mgau 37
feat 0
density 	0 8.868349 -0.14115274 0.30589378 0.5839039 -0.79419446 -0.28447875 0.06552796 -0.043525502 -0.4064848 0.14923216 -0.2911371 -0.23122662 -0.109138295
mgau 38
feat 0
density 	0 9.021756 -0.022451026 -0.14496666 0.246138 -0.24578051 -0.116418116 -0.1784655 -0.13805306 -0.12594816 -0.14067578 -0.11159512 -0.111759655 -0.09817178
mgau 39
feat 0
density 	0 9.021756 -0.022451026 -0.14496666 0.246138 -0.24578051 -0.116418116 -0.1784655 -0.13805306 -0.12594816 -0.14067578 -0.11159512 -0.111759655 -0.09817178
mgau 40
feat 0
density 	0 3.520055 -0.052808657 -0.14820129 -0.385312 -0.2826252 0.010750885 -0.01673001 -0.10063942 0.027296092 -0.08032465 -0.17565289 -0.1509422 0.03717052
mgau 41
feat 0
density 	0 9.021756 -0.022451026 -0.14496666 0.246138 -0.24578051 -0.116418116 -0.1784655 -0.13805306 -0.12594816 -0.14067578 -0.11159512 -0.111759655 -0.09817178
mgau 42
feat 0
density 	0 9.021756 -0.022451026 -0.14496666 0.246138 -0.24578051 -0.116418116 -0.1784655 -0.13805306 -0.12594816 -0.14067578 -0.11159512 -0.111759655 -0.09817178
mgau 43
feat 0
density 	0 8.868349 -0.14115274 0.30589378 0.5839039 -0.79419446 -0.28447875 0.06552796 -0.043525502 -0.4064848 0.14923216 -0.2911371 -0.23122662 -0.109138295
mgau 44
feat 0
density 	0 9.021756 -0.022451026 -0.14496666 0.246138 -0.24578051 -0.116418116 -0.1784655 -0.13805306 -0.12594816 -0.14067578 -0.11159512 -0.111759655 -0.09817178
mgau 45
feat 0
density 	0 9.021756 -0.022451026 -0.14496666 0.246138 -0.24578051 -0.116418116 -0.1784655 -0.13805306 -0.12594816 -0.14067578 -0.11159512 -0.111759655 -0.09817178
mgau 46
feat 0
density 	0 4.678035 0.033390645 0.07984483 0.15091391 0.016741354 -0.11861558 -0.23009834 -0.13278058 -0.03058868 0.025073232 -0.051680643 -0.1711834 0.11838198
mgau 47
feat 0
density 	0 9.021756 -0.022451026 -0.14496666 0.246138 -0.24578051 -0.116418116 -0.1784655 -0.13805306 -0.12594816 -0.14067578 -0.11159512 -0.111759655 -0.09817178
mgau 48
feat 0
density 	0 9.021756 -0.022451026 -0.14496666 0.246138 -0.24578051 -0.116418116 -0.1784655 -0.13805306 -0.12594816 -0.14067578 -0.11159512 -0.111759655 -0.09817178
mgau 49
feat 0
density 	0 3.0818994 -0.032646485 -0.03584251 -0.23129322 -0.16440143 0.019596566 -0.18944152 -0.23288164 -0.10870227 -0.090440065 -0.032025345 -0.03439533 0.009890221
mgau 50
feat 0
density 	0 9.021756 -0.022451026 -0.14496666 0.246138 -0.24578051 -0.116418116 -0.1784655 -0.13805306 -0.12594816 -0.14067578 -0.11159512 -0.111759655 -0.09817178
mgau 51
feat 0
density 	0 9.021756 -0.022451026 -0.14496666 0.246138 -0.24578051 -0.116418116 -0.1784655 -0.13805306 -0.12594816 -0.14067578 -0.11159512 -0.111759655 -0.09817178
mgau 52
feat 0
density 	0 2.9879494 -0.12438663 0.1196088 -0.08626772 -0.05785642 -0.1242832 -0.18592913 -0.20976727 -0.08907408 0.08892247 0.024408959 0.08530749 0.10029444
mgau 53
feat 0
density 	0 9.021756 -0.022451026 -0.14496666 0.246138 -0.24578051 -0.116418116 -0.1784655 -0.13805306 -0.12594816 -0.14067578 -0.11159512 -0.111759655 -0.09817178
mgau 54
feat 0
density 	0 9.021756 -0.022451026 -0.14496666 0.246138 -0.24578051 -0.116418116 -0.1784655 -0.13805306 -0.12594816 -0.14067578 -0.11159512 -0.111759655 -0.09817178
mgau 55
feat 0
density 	0 4.678035 0.033390645 0.07984483 0.15091391 0.016741354 -0.11861558 -0.23009834 -0.13278058 -0.03058868 0.025073232 -0.051680643 -0.1711834 0.11838198
mgau 56
feat 0
density 	0 9.021756 -0.022451026 -0.14496666 0.246138 -0.24578051 -0.116418116 -0.1784655 -0.13805306 -0.12594816 -0.14067578 -0.11159512 -0.111759655 -0.09817178
mgau 57
feat 0
density 	0 9.021756 -0.022451026 -0.14496666 0.246138 -0.24578051 -0.116418116 -0.1784655 -0.13805306 -0.12594816 -0.14067578 -0.11159512 -0.111759655 -0.09817178
mgau 58
feat 0
density 	0 4.1427927 -0.32990378 -0.029332256 0.1932748 -0.29305398 -0.13497597 0.25714815 -0.20723718 -0.14429507 0.0073284796 -0.16672815 -0.22396287 -0.031101504
mgau 59
feat 0
density 	0 9.021756 -0.022451026 -0.14496666 0.246138 -0.24578051 -0.116418116 -0.1784655 -0.13805306 -0.12594816 -0.14067578 -0.11159512 -0.111759655 -0.09817178
mgau 60
feat 0
density 	0 9.021756 -0.022451026 -0.14496666 0.246138 -0.24578051 -0.116418116 -0.1784655 -0.13805306 -0.12594816 -0.14067578 -0.11159512 -0.111759655 -0.09817178
mgau 61
feat 0
density 	0 4.678035 0.033390645 0.07984483 0.15091391 0.016741354 -0.11861558 -0.23009834 -0.13278058 -0.03058868 0.025073232 -0.051680643 -0.1711834 0.11838198
mgau 62
feat 0
density 	0 9.021756 -0.022451026 -0.14496666 0.246138 -0.24578051 -0.116418116 -0.1784655 -0.13805306 -0.12594816 -0.14067578 -0.11159512 -0.111759655 -0.09817178
mgau 63
feat 0
density 	0 9.021756 -0.022451026 -0.14496666 0.246138 -0.24578051 -0.116418116 -0.1784655 -0.13805306 -0.12594816 -0.14067578 -0.11159512 -0.111759655 -0.09817178
mgau 64
feat 0
density 	0 4.678035 0.033390645 0.07984483 0.15091391 0.016741354 -0.11861558 -0.23009834 -0.13278058 -0.03058868 0.025073232 -0.051680643 -0.1711834 0.11838198
mgau 65
feat 0
density 	0 9.021756 -0.022451026 -0.14496666 0.246138 -0.24578051 -0.116418116 -0.1784655 -0.13805306 -0.12594816 -0.14067578 -0.11159512 -0.111759655 -0.09817178
mgau 66
feat 0
density 	0 9.021756 -0.022451026 -0.14496666 0.246138 -0.24578051 -0.116418116 -0.1784655 -0.13805306 -0.12594816 -0.14067578 -0.11159512 -0.111759655 -0.09817178
mgau 67
feat 0
density 	0 3.520055 -0.052808657 -0.14820129 -0.385312 -0.2826252 0.010750885 -0.01673001 -0.10063942 0.027296092 -0.08032465 -0.17565289 -0.1509422 0.03717052
mgau 68
feat 0
density 	0 9.021756 -0.022451026 -0.14496666 0.246138 -0.24578051 -0.116418116 -0.1784655 -0.13805306 -0.12594816 -0.14067578 -0.11159512 -0.111759655 -0.09817178
mgau 69
feat 0
density 	0 9.021756 -0.022451026 -0.14496666 0.246138 -0.24578051 -0.116418116 -0.1784655 -0.13805306 -0.12594816 -0.14067578 -0.11159512 -0.111759655 -0.09817178
mgau 70
feat 0
density 	0 2.9879494 -0.12438663 0.1196088 -0.08626772 -0.05785642 -0.1242832 -0.18592913 -0.20976727 -0.08907408 0.08892247 0.024408959 0.08530749 0.10029444
mgau 71
feat 0
density 	0 9.021756 -0.022451026 -0.14496666 0.246138 -0.24578051 -0.116418116 -0.1784655 -0.13805306 -0.12594816 -0.14067578 -0.11159512 -0.111759655 -0.09817178
mgau 72
feat 0
density 	0 9.021756 -0.022451026 -0.14496666 0.246138 -0.24578051 -0.116418116 -0.1784655 -0.13805306 -0.12594816 -0.14067578 -0.11159512 -0.111759655 -0.09817178
mgau 73
feat 0
density 	0 4.1427927 -0.32990378 -0.029332256 0.1932748 -0.29305398 -0.13497597 0.25714815 -0.20723718 -0.14429507 0.0073284796 -0.16672815 -0.22396287 -0.031101504
mgau 74
feat 0
density 	0 9.021756 -0.022451026 -0.14496666 0.246138 -0.24578051 -0.116418116 -0.1784655 -0.13805306 -0.12594816 -0.14067578 -0.11159512 -0.111759655 -0.09817178
mgau 75
feat 0
density 	0 9.021756 -0.022451026 -0.14496666 0.246138 -0.24578051 -0.116418116 -0.1784655 -0.13805306 -0.12594816 -0.14067578 -0.11159512 -0.111759655 -0.09817178
mgau 76
feat 0
density 	0 3.4462588 -0.1757522 0.019882064 0.0724151 -0.08476894 -0.1532367 -0.2046061 -0.21519153 -0.03147149 -0.11557202 -0.11531991 -0.19218165 -0.121850334
mgau 77
feat 0
density 	0 9.021756 -0.022451026 -0.14496666 0.246138 -0.24578051 -0.116418116 -0.1784655 -0.13805306 -0.12594816 -0.14067578 -0.11159512 -0.111759655 -0.09817178
mgau 78
feat 0
density 	0 9.021756 -0.022451026 -0.14496666 0.246138 -0.24578051 -0.116418116 -0.1784655 -0.13805306 -0.12594816 -0.14067578 -0.11159512 -0.111759655 -0.09817178
mgau 79
feat 0
density 	0 3.4462588 -0.1757522 0.019882064 0.0724151 -0.08476894 -0.1532367 -0.2046061 -0.21519153 -0.03147149 -0.11557202 -0.11531991 -0.19218165 -0.121850334
mgau 80
feat 0
density 	0 9.021756 -0.022451026 -0.14496666 0.246138 -0.24578051 -0.116418116 -0.1784655 -0.13805306 -0.12594816 -0.14067578 -0.11159512 -0.111759655 -0.09817178
mgau 81
feat 0
density 	0 9.021756 -0.022451026 -0.14496666 0.246138 -0.24578051 -0.116418116 -0.1784655 -0.13805306 -0.12594816 -0.14067578 -0.11159512 -0.111759655 -0.09817178
mgau 82
feat 0
density 	0 2.9879494 -0.12438663 0.1196088 -0.08626772 -0.05785642 -0.1242832 -0.18592913 -0.20976727 -0.08907408 0.08892247 0.024408959 0.08530749 0.10029444
mgau 83
feat 0
density 	0 9.021756 -0.022451026 -0.14496666 0.246138 -0.24578051 -0.116418116 -0.1784655 -0.13805306 -0.12594816 -0.14067578 -0.11159512 -0.111759655 -0.09817178
mgau 84
feat 0
density 	0 9.021756 -0.022451026 -0.14496666 0.246138 -0.24578051 -0.116418116 -0.1784655 -0.13805306 -0.12594816 -0.14067578 -0.11159512 -0.111759655 -0.09817178
mgau 85
feat 0
density 	0 5.6090217 0.20596078 0.0363218 0.114635445 -0.08723868 -0.07686861 -0.38518423 -0.29776904 -0.13419016 -0.05237404 -0.22114292 -0.17869402 -0.12643297
mgau 86
feat 0
density 	0 9.021756 -0.022451026 -0.14496666 0.246138 -0.24578051 -0.116418116 -0.1784655 -0.13805306 -0.12594816 -0.14067578 -0.11159512 -0.111759655 -0.09817178
mgau 87
feat 0
density 	0 9.021756 -0.022451026 -0.14496666 0.246138 -0.24578051 -0.116418116 -0.1784655 -0.13805306 -0.12594816 -0.14067578 -0.11159512 -0.111759655 -0.09817178
mgau 88
feat 0
density 	0 4.678035 0.033390645 0.07984483 0.15091391 0.016741354 -0.11861558 -0.23009834 -0.13278058 -0.03058868 0.025073232 -0.051680643 -0.1711834 0.11838198
mgau 89
feat 0
density 	0 9.021756 -0.022451026 -0.14496666 0.246138 -0.24578051 -0.116418116 -0.1784655 -0.13805306 -0.12594816 -0.14067578 -0.11159512 -0.111759655 -0.09817178
mgau 90
feat 0
density 	0 9.021756 -0.022451026 -0.14496666 0.246138 -0.24578051 -0.116418116 -0.1784655 -0.13805306 -0.12594816 -0.14067578 -0.11159512 -0.111759655 -0.09817178
mgau 91
feat 0
density 	0 5.760804 -0.03563606 0.26044494 -0.0069906395 0.01192776 -0.1781079 -0.031752046 -0.21774627 0.0035291102 0.03803528 9.003612E-4 -0.0634829 -0.11881094
mgau 92
feat 0
density 	0 9.021756 -0.022451026 -0.14496666 0.246138 -0.24578051 -0.116418116 -0.1784655 -0.13805306 -0.12594816 -0.14067578 -0.11159512 -0.111759655 -0.09817178
mgau 93
feat 0
density 	0 9.021756 -0.022451026 -0.14496666 0.246138 -0.24578051 -0.116418116 -0.1784655 -0.13805306 -0.12594816 -0.14067578 -0.11159512 -0.111759655 -0.09817178
mgau 94
feat 0
density 	0 4.678035 0.033390645 0.07984483 0.15091391 0.016741354 -0.11861558 -0.23009834 -0.13278058 -0.03058868 0.025073232 -0.051680643 -0.1711834 0.11838198
mgau 95
feat 0
density 	0 9.021756 -0.022451026 -0.14496666 0.246138 -0.24578051 -0.116418116 -0.1784655 -0.13805306 -0.12594816 -0.14067578 -0.11159512 -0.111759655 -0.09817178
mgau 96
feat 0
density 	0 9.021756 -0.022451026 -0.14496666 0.246138 -0.24578051 -0.116418116 -0.1784655 -0.13805306 -0.12594816 -0.14067578 -0.11159512 -0.111759655 -0.09817178
mgau 97
feat 0
density 	0 3.4462588 -0.1757522 0.019882064 0.0724151 -0.08476894 -0.1532367 -0.2046061 -0.21519153 -0.03147149 -0.11557202 -0.11531991 -0.19218165 -0.121850334
mgau 98
feat 0
density 	0 9.021756 -0.022451026 -0.14496666 0.246138 -0.24578051 -0.116418116 -0.1784655 -0.13805306 -0.12594816 -0.14067578 -0.11159512 -0.111759655 -0.09817178
mgau 99
feat 0
density 	0 9.021756 -0.022451026 -0.14496666 0.246138 -0.24578051 -0.116418116 -0.1784655 -0.13805306 -0.12594816 -0.14067578 -0.11159512 -0.111759655 -0.09817178
mgau 100
feat 0
density 	0 5.4108467 0.1254538 -0.07824436 0.061671525 -0.086736925 0.006810236 0.087156296 0.13148373 2.0446483E-4 0.0068295975 -0.024985865 -0.067675725 -0.08206851
mgau 101
feat 0
density 	0 9.021756 -0.022451026 -0.14496666 0.246138 -0.24578051 -0.116418116 -0.1784655 -0.13805306 -0.12594816 -0.14067578 -0.11159512 -0.111759655 -0.09817178
