tmat 34 4
tmat [0]
0.5 0.5 0.0 0.0
0.0 0.5 0.5 0.0
0.0 0.0 0.5 0.5
tmat [1]
0.5 0.5 0.0 0.0
0.0 0.5 0.5 0.0
0.0 0.0 0.5 0.5
tmat [2]
0.5 0.5 0.0 0.0
0.0 0.5 0.5 0.0
0.0 0.0 0.5 0.5
tmat [3]
0.5 0.5 0.0 0.0
0.0 0.5 0.5 0.0
0.0 0.0 0.5 0.5
tmat [4]
0.5 0.5 0.0 0.0
0.0 0.5 0.5 0.0
0.0 0.0 0.5 0.5
tmat [5]
0.5 0.5 0.0 0.0
0.0 0.5 0.5 0.0
0.0 0.0 0.5 0.5
tmat [6]
0.5 0.5 0.0 0.0
0.0 0.5 0.5 0.0
0.0 0.0 0.5 0.5
tmat [7]
0.5 0.5 0.0 0.0
0.0 0.5 0.5 0.0
0.0 0.0 0.5 0.5
tmat [8]
0.5 0.5 0.0 0.0
0.0 0.5 0.5 0.0
0.0 0.0 0.5 0.5
tmat [9]
0.5 0.5 0.0 0.0
0.0 0.5 0.5 0.0
0.0 0.0 0.5 0.5
tmat [10]
0.5 0.5 0.0 0.0
0.0 0.5 0.5 0.0
0.0 0.0 0.5 0.5
tmat [11]
0.5 0.5 0.0 0.0
0.0 0.5 0.5 0.0
0.0 0.0 0.5 0.5
tmat [12]
0.5 0.5 0.0 0.0
0.0 0.5 0.5 0.0
0.0 0.0 0.5 0.5
tmat [13]
0.5 0.5 0.0 0.0
0.0 0.5 0.5 0.0
0.0 0.0 0.5 0.5
tmat [14]
0.5 0.5 0.0 0.0
0.0 0.5 0.5 0.0
0.0 0.0 0.5 0.5
tmat [15]
0.5 0.5 0.0 0.0
0.0 0.5 0.5 0.0
0.0 0.0 0.5 0.5
tmat [16]
0.5 0.5 0.0 0.0
0.0 0.5 0.5 0.0
0.0 0.0 0.5 0.5
tmat [17]
0.5 0.5 0.0 0.0
0.0 0.5 0.5 0.0
0.0 0.0 0.5 0.5
tmat [18]
0.5 0.5 0.0 0.0
0.0 0.5 0.5 0.0
0.0 0.0 0.5 0.5
tmat [19]
0.5 0.5 0.0 0.0
0.0 0.5 0.5 0.0
0.0 0.0 0.5 0.5
tmat [20]
0.5 0.5 0.0 0.0
0.0 0.5 0.5 0.0
0.0 0.0 0.5 0.5
tmat [21]
0.5 0.5 0.0 0.0
0.0 0.5 0.5 0.0
0.0 0.0 0.5 0.5
tmat [22]
0.5 0.5 0.0 0.0
0.0 0.5 0.5 0.0
0.0 0.0 0.5 0.5
tmat [23]
0.5 0.5 0.0 0.0
0.0 0.5 0.5 0.0
0.0 0.0 0.5 0.5
tmat [24]
0.5 0.5 0.0 0.0
0.0 0.5 0.5 0.0
0.0 0.0 0.5 0.5
tmat [25]
0.5 0.5 0.0 0.0
0.0 0.5 0.5 0.0
0.0 0.0 0.5 0.5
tmat [26]
0.5 0.5 0.0 0.0
0.0 0.5 0.5 0.0
0.0 0.0 0.5 0.5
tmat [27]
0.5 0.5 0.0 0.0
0.0 0.5 0.5 0.0
0.0 0.0 0.5 0.5
tmat [28]
0.5 0.5 0.0 0.0
0.0 0.5 0.5 0.0
0.0 0.0 0.5 0.5
tmat [29]
0.5 0.5 0.0 0.0
0.0 0.5 0.5 0.0
0.0 0.0 0.5 0.5
tmat [30]
0.5 0.5 0.0 0.0
0.0 0.5 0.5 0.0
0.0 0.0 0.5 0.5
tmat [31]
0.5 0.5 0.0 0.0
0.0 0.5 0.5 0.0
0.0 0.0 0.5 0.5
tmat [32]
0.5 0.5 0.0 0.0
0.0 0.5 0.5 0.0
0.0 0.0 0.5 0.5
tmat [33]
0.5 0.5 0.0 0.0
0.0 0.5 0.5 0.0
0.0 0.0 0.5 0.5
