param 102 1 1
mgau 0
feat 0
density 	0 9.159782 0.78628695 0.19925077 0.26065004 0.10948801 0.06352075 0.055504024 0.041397095 0.036238693 0.0374382 0.02353641 0.023030184 0.024974339
mgau 1
feat 0
density 	0 0.0 0.0 0.0 0.0 0.0 0.0 0.0 0.0 0.0 0.0 0.0 0.0 0.0
mgau 2
feat 0
density 	0 9.159782 0.78628695 0.19925077 0.26065004 0.10948801 0.06352075 0.055504024 0.041397095 0.036238693 0.0374382 0.02353641 0.023030184 0.024974339
mgau 3
feat 0
density 	0 9.159782 0.78628695 0.19925077 0.26065004 0.10948801 0.06352075 0.055504024 0.041397095 0.036238693 0.0374382 0.02353641 0.023030184 0.024974339
mgau 4
feat 0
density 	0 0.0 0.0 0.0 0.0 0.0 0.0 0.0 0.0 0.0 0.0 0.0 0.0 0.0
mgau 5
feat 0
density 	0 9.159782 0.78628695 0.19925077 0.26065004 0.10948801 0.06352075 0.055504024 0.041397095 0.036238693 0.0374382 0.02353641 0.023030184 0.024974339
mgau 6
feat 0
density 	0 9.159782 0.78628695 0.19925077 0.26065004 0.10948801 0.06352075 0.055504024 0.041397095 0.036238693 0.0374382 0.02353641 0.023030184 0.024974339
mgau 7
feat 0
density 	0 0.0 0.0 0.0 0.0 0.0 0.0 0.0 0.0 0.0 0.0 0.0 0.0 0.0
mgau 8
feat 0
density 	0 9.159782 0.78628695 0.19925077 0.26065004 0.10948801 0.06352075 0.055504024 0.041397095 0.036238693 0.0374382 0.02353641 0.023030184 0.024974339
mgau 9
feat 0
density 	0 9.159782 0.78628695 0.19925077 0.26065004 0.10948801 0.06352075 0.055504024 0.041397095 0.036238693 0.0374382 0.02353641 0.023030184 0.024974339
mgau 10
feat 0
density 	0 0.0 0.0 0.0 0.0 0.0 0.0 0.0 0.0 0.0 0.0 0.0 0.0 0.0
mgau 11
feat 0
density 	0 9.159782 0.78628695 0.19925077 0.26065004 0.10948801 0.06352075 0.055504024 0.041397095 0.036238693 0.0374382 0.02353641 0.023030184 0.024974339
mgau 12
feat 0
density 	0 9.159782 0.78628695 0.19925077 0.26065004 0.10948801 0.06352075 0.055504024 0.041397095 0.036238693 0.0374382 0.02353641 0.023030184 0.024974339
mgau 13
feat 0
density 	0 0.0 0.0 0.0 0.0 0.0 0.0 0.0 0.0 0.0 0.0 0.0 0.0 0.0
mgau 14
feat 0
density 	0 9.159782 0.78628695 0.19925077 0.26065004 0.10948801 0.06352075 0.055504024 0.041397095 0.036238693 0.0374382 0.02353641 0.023030184 0.024974339
mgau 15
feat 0
density 	0 9.159782 0.78628695 0.19925077 0.26065004 0.10948801 0.06352075 0.055504024 0.041397095 0.036238693 0.0374382 0.02353641 0.023030184 0.024974339
mgau 16
feat 0
density 	0 0.0 0.0 0.0 0.0 0.0 0.0 0.0 0.0 0.0 0.0 0.0 0.0 0.0
mgau 17
feat 0
density 	0 9.159782 0.78628695 0.19925077 0.26065004 0.10948801 0.06352075 0.055504024 0.041397095 0.036238693 0.0374382 0.02353641 0.023030184 0.024974339
mgau 18
feat 0
density 	0 9.159782 0.78628695 0.19925077 0.26065004 0.10948801 0.06352075 0.055504024 0.041397095 0.036238693 0.0374382 0.02353641 0.023030184 0.024974339
mgau 19
feat 0
density 	0 0.0 0.0 0.0 0.0 0.0 0.0 0.0 0.0 0.0 0.0 0.0 0.0 0.0
mgau 20
feat 0
density 	0 9.159782 0.78628695 0.19925077 0.26065004 0.10948801 0.06352075 0.055504024 0.041397095 0.036238693 0.0374382 0.02353641 0.023030184 0.024974339
mgau 21
feat 0
density 	0 9.159782 0.78628695 0.19925077 0.26065004 0.10948801 0.06352075 0.055504024 0.041397095 0.036238693 0.0374382 0.02353641 0.023030184 0.024974339
mgau 22
feat 0
density 	0 0.0 0.0 0.0 0.0 0.0 0.0 0.0 0.0 0.0 0.0 0.0 0.0 0.0
mgau 23
feat 0
density 	0 9.159782 0.78628695 0.19925077 0.26065004 0.10948801 0.06352075 0.055504024 0.041397095 0.036238693 0.0374382 0.02353641 0.023030184 0.024974339
mgau 24
feat 0
density 	0 9.159782 0.78628695 0.19925077 0.26065004 0.10948801 0.06352075 0.055504024 0.041397095 0.036238693 0.0374382 0.02353641 0.023030184 0.024974339
mgau 25
feat 0
density 	0 0.0 0.0 0.0 0.0 0.0 0.0 0.0 0.0 0.0 0.0 0.0 0.0 0.0
mgau 26
feat 0
density 	0 9.159782 0.78628695 0.19925077 0.26065004 0.10948801 0.06352075 0.055504024 0.041397095 0.036238693 0.0374382 0.02353641 0.023030184 0.024974339
mgau 27
feat 0
density 	0 9.159782 0.78628695 0.19925077 0.26065004 0.10948801 0.06352075 0.055504024 0.041397095 0.036238693 0.0374382 0.02353641 0.023030184 0.024974339
mgau 28
feat 0
density 	0 0.0 0.0 0.0 0.0 0.0 0.0 0.0 0.0 0.0 0.0 0.0 0.0 0.0
mgau 29
feat 0
density 	0 9.159782 0.78628695 0.19925077 0.26065004 0.10948801 0.06352075 0.055504024 0.041397095 0.036238693 0.0374382 0.02353641 0.023030184 0.024974339
mgau 30
feat 0
density 	0 9.159782 0.78628695 0.19925077 0.26065004 0.10948801 0.06352075 0.055504024 0.041397095 0.036238693 0.0374382 0.02353641 0.023030184 0.024974339
mgau 31
feat 0
density 	0 0.0 0.0 0.0 0.0 0.0 0.0 0.0 0.0 0.0 0.0 0.0 0.0 0.0
mgau 32
feat 0
density 	0 9.159782 0.78628695 0.19925077 0.26065004 0.10948801 0.06352075 0.055504024 0.041397095 0.036238693 0.0374382 0.02353641 0.023030184 0.024974339
mgau 33
feat 0
density 	0 9.159782 0.78628695 0.19925077 0.26065004 0.10948801 0.06352075 0.055504024 0.041397095 0.036238693 0.0374382 0.02353641 0.023030184 0.024974339
mgau 34
feat 0
density 	0 0.0 0.0 0.0 0.0 0.0 0.0 0.0 0.0 0.0 0.0 0.0 0.0 0.0
mgau 35
feat 0
density 	0 9.159782 0.78628695 0.19925077 0.26065004 0.10948801 0.06352075 0.055504024 0.041397095 0.036238693 0.0374382 0.02353641 0.023030184 0.024974339
mgau 36
feat 0
density 	0 9.159782 0.78628695 0.19925077 0.26065004 0.10948801 0.06352075 0.055504024 0.041397095 0.036238693 0.0374382 0.02353641 0.023030184 0.024974339
mgau 37
feat 0
density 	0 0.0 0.0 0.0 0.0 0.0 0.0 0.0 0.0 0.0 0.0 0.0 0.0 0.0
mgau 38
feat 0
density 	0 9.159782 0.78628695 0.19925077 0.26065004 0.10948801 0.06352075 0.055504024 0.041397095 0.036238693 0.0374382 0.02353641 0.023030184 0.024974339
mgau 39
feat 0
density 	0 9.159782 0.78628695 0.19925077 0.26065004 0.10948801 0.06352075 0.055504024 0.041397095 0.036238693 0.0374382 0.02353641 0.023030184 0.024974339
mgau 40
feat 0
density 	0 0.0 0.0 0.0 0.0 0.0 0.0 0.0 0.0 0.0 0.0 0.0 0.0 0.0
mgau 41
feat 0
density 	0 9.159782 0.78628695 0.19925077 0.26065004 0.10948801 0.06352075 0.055504024 0.041397095 0.036238693 0.0374382 0.02353641 0.023030184 0.024974339
mgau 42
feat 0
density 	0 9.159782 0.78628695 0.19925077 0.26065004 0.10948801 0.06352075 0.055504024 0.041397095 0.036238693 0.0374382 0.02353641 0.023030184 0.024974339
mgau 43
feat 0
density 	0 0.0 0.0 0.0 0.0 0.0 0.0 0.0 0.0 0.0 0.0 0.0 0.0 0.0
mgau 44
feat 0
density 	0 9.159782 0.78628695 0.19925077 0.26065004 0.10948801 0.06352075 0.055504024 0.041397095 0.036238693 0.0374382 0.02353641 0.023030184 0.024974339
mgau 45
feat 0
density 	0 9.159782 0.78628695 0.19925077 0.26065004 0.10948801 0.06352075 0.055504024 0.041397095 0.036238693 0.0374382 0.02353641 0.023030184 0.024974339
mgau 46
feat 0
density 	0 0.0 0.0 0.0 0.0 0.0 0.0 0.0 0.0 0.0 0.0 0.0 0.0 0.0
mgau 47
feat 0
density 	0 9.159782 0.78628695 0.19925077 0.26065004 0.10948801 0.06352075 0.055504024 0.041397095 0.036238693 0.0374382 0.02353641 0.023030184 0.024974339
mgau 48
feat 0
density 	0 9.159782 0.78628695 0.19925077 0.26065004 0.10948801 0.06352075 0.055504024 0.041397095 0.036238693 0.0374382 0.02353641 0.023030184 0.024974339
mgau 49
feat 0
density 	0 0.0 0.0 0.0 0.0 0.0 0.0 0.0 0.0 0.0 0.0 0.0 0.0 0.0
mgau 50
feat 0
density 	0 9.159782 0.78628695 0.19925077 0.26065004 0.10948801 0.06352075 0.055504024 0.041397095 0.036238693 0.0374382 0.02353641 0.023030184 0.024974339
mgau 51
feat 0
density 	0 9.159782 0.78628695 0.19925077 0.26065004 0.10948801 0.06352075 0.055504024 0.041397095 0.036238693 0.0374382 0.02353641 0.023030184 0.024974339
mgau 52
feat 0
density 	0 0.0 0.0 0.0 0.0 0.0 0.0 0.0 0.0 0.0 0.0 0.0 0.0 0.0
mgau 53
feat 0
density 	0 9.159782 0.78628695 0.19925077 0.26065004 0.10948801 0.06352075 0.055504024 0.041397095 0.036238693 0.0374382 0.02353641 0.023030184 0.024974339
mgau 54
feat 0
density 	0 9.159782 0.78628695 0.19925077 0.26065004 0.10948801 0.06352075 0.055504024 0.041397095 0.036238693 0.0374382 0.02353641 0.023030184 0.024974339
mgau 55
feat 0
density 	0 0.0 0.0 0.0 0.0 0.0 0.0 0.0 0.0 0.0 0.0 0.0 0.0 0.0
mgau 56
feat 0
density 	0 9.159782 0.78628695 0.19925077 0.26065004 0.10948801 0.06352075 0.055504024 0.041397095 0.036238693 0.0374382 0.02353641 0.023030184 0.024974339
mgau 57
feat 0
density 	0 9.159782 0.78628695 0.19925077 0.26065004 0.10948801 0.06352075 0.055504024 0.041397095 0.036238693 0.0374382 0.02353641 0.023030184 0.024974339
mgau 58
feat 0
density 	0 0.0 0.0 0.0 0.0 0.0 0.0 0.0 0.0 0.0 0.0 0.0 0.0 0.0
mgau 59
feat 0
density 	0 9.159782 0.78628695 0.19925077 0.26065004 0.10948801 0.06352075 0.055504024 0.041397095 0.036238693 0.0374382 0.02353641 0.023030184 0.024974339
mgau 60
feat 0
density 	0 9.159782 0.78628695 0.19925077 0.26065004 0.10948801 0.06352075 0.055504024 0.041397095 0.036238693 0.0374382 0.02353641 0.023030184 0.024974339
mgau 61
feat 0
density 	0 0.0 0.0 0.0 0.0 0.0 0.0 0.0 0.0 0.0 0.0 0.0 0.0 0.0
mgau 62
feat 0
density 	0 9.159782 0.78628695 0.19925077 0.26065004 0.10948801 0.06352075 0.055504024 0.041397095 0.036238693 0.0374382 0.02353641 0.023030184 0.024974339
mgau 63
feat 0
density 	0 9.159782 0.78628695 0.19925077 0.26065004 0.10948801 0.06352075 0.055504024 0.041397095 0.036238693 0.0374382 0.02353641 0.023030184 0.024974339
mgau 64
feat 0
density 	0 0.0 0.0 0.0 0.0 0.0 0.0 0.0 0.0 0.0 0.0 0.0 0.0 0.0
mgau 65
feat 0
density 	0 9.159782 0.78628695 0.19925077 0.26065004 0.10948801 0.06352075 0.055504024 0.041397095 0.036238693 0.0374382 0.02353641 0.023030184 0.024974339
mgau 66
feat 0
density 	0 9.159782 0.78628695 0.19925077 0.26065004 0.10948801 0.06352075 0.055504024 0.041397095 0.036238693 0.0374382 0.02353641 0.023030184 0.024974339
mgau 67
feat 0
density 	0 0.0 0.0 0.0 0.0 0.0 0.0 0.0 0.0 0.0 0.0 0.0 0.0 0.0
mgau 68
feat 0
density 	0 9.159782 0.78628695 0.19925077 0.26065004 0.10948801 0.06352075 0.055504024 0.041397095 0.036238693 0.0374382 0.02353641 0.023030184 0.024974339
mgau 69
feat 0
density 	0 9.159782 0.78628695 0.19925077 0.26065004 0.10948801 0.06352075 0.055504024 0.041397095 0.036238693 0.0374382 0.02353641 0.023030184 0.024974339
mgau 70
feat 0
density 	0 0.0 0.0 0.0 0.0 0.0 0.0 0.0 0.0 0.0 0.0 0.0 0.0 0.0
mgau 71
feat 0
density 	0 9.159782 0.78628695 0.19925077 0.26065004 0.10948801 0.06352075 0.055504024 0.041397095 0.036238693 0.0374382 0.02353641 0.023030184 0.024974339
mgau 72
feat 0
density 	0 9.159782 0.78628695 0.19925077 0.26065004 0.10948801 0.06352075 0.055504024 0.041397095 0.036238693 0.0374382 0.02353641 0.023030184 0.024974339
mgau 73
feat 0
density 	0 0.0 0.0 0.0 0.0 0.0 0.0 0.0 0.0 0.0 0.0 0.0 0.0 0.0
mgau 74
feat 0
density 	0 9.159782 0.78628695 0.19925077 0.26065004 0.10948801 0.06352075 0.055504024 0.041397095 0.036238693 0.0374382 0.02353641 0.023030184 0.024974339
mgau 75
feat 0
density 	0 9.159782 0.78628695 0.19925077 0.26065004 0.10948801 0.06352075 0.055504024 0.041397095 0.036238693 0.0374382 0.02353641 0.023030184 0.024974339
mgau 76
feat 0
density 	0 0.0 0.0 0.0 0.0 0.0 0.0 0.0 0.0 0.0 0.0 0.0 0.0 0.0
mgau 77
feat 0
density 	0 9.159782 0.78628695 0.19925077 0.26065004 0.10948801 0.06352075 0.055504024 0.041397095 0.036238693 0.0374382 0.02353641 0.023030184 0.024974339
mgau 78
feat 0
density 	0 9.159782 0.78628695 0.19925077 0.26065004 0.10948801 0.06352075 0.055504024 0.041397095 0.036238693 0.0374382 0.02353641 0.023030184 0.024974339
mgau 79
feat 0
density 	0 0.0 0.0 0.0 0.0 0.0 0.0 0.0 0.0 0.0 0.0 0.0 0.0 0.0
mgau 80
feat 0
density 	0 9.159782 0.78628695 0.19925077 0.26065004 0.10948801 0.06352075 0.055504024 0.041397095 0.036238693 0.0374382 0.02353641 0.023030184 0.024974339
mgau 81
feat 0
density 	0 9.159782 0.78628695 0.19925077 0.26065004 0.10948801 0.06352075 0.055504024 0.041397095 0.036238693 0.0374382 0.02353641 0.023030184 0.024974339
mgau 82
feat 0
density 	0 0.0 0.0 0.0 0.0 0.0 0.0 0.0 0.0 0.0 0.0 0.0 0.0 0.0
mgau 83
feat 0
density 	0 9.159782 0.78628695 0.19925077 0.26065004 0.10948801 0.06352075 0.055504024 0.041397095 0.036238693 0.0374382 0.02353641 0.023030184 0.024974339
mgau 84
feat 0
density 	0 9.159782 0.78628695 0.19925077 0.26065004 0.10948801 0.06352075 0.055504024 0.041397095 0.036238693 0.0374382 0.02353641 0.023030184 0.024974339
mgau 85
feat 0
density 	0 0.0 0.0 0.0 0.0 0.0 0.0 0.0 0.0 0.0 0.0 0.0 0.0 0.0
mgau 86
feat 0
density 	0 9.159782 0.78628695 0.19925077 0.26065004 0.10948801 0.06352075 0.055504024 0.041397095 0.036238693 0.0374382 0.02353641 0.023030184 0.024974339
mgau 87
feat 0
density 	0 9.159782 0.78628695 0.19925077 0.26065004 0.10948801 0.06352075 0.055504024 0.041397095 0.036238693 0.0374382 0.02353641 0.023030184 0.024974339
mgau 88
feat 0
density 	0 0.0 0.0 0.0 0.0 0.0 0.0 0.0 0.0 0.0 0.0 0.0 0.0 0.0
mgau 89
feat 0
density 	0 9.159782 0.78628695 0.19925077 0.26065004 0.10948801 0.06352075 0.055504024 0.041397095 0.036238693 0.0374382 0.02353641 0.023030184 0.024974339
mgau 90
feat 0
density 	0 9.159782 0.78628695 0.19925077 0.26065004 0.10948801 0.06352075 0.055504024 0.041397095 0.036238693 0.0374382 0.02353641 0.023030184 0.024974339
mgau 91
feat 0
density 	0 0.0 0.0 0.0 0.0 0.0 0.0 0.0 0.0 0.0 0.0 0.0 0.0 0.0
mgau 92
feat 0
density 	0 9.159782 0.78628695 0.19925077 0.26065004 0.10948801 0.06352075 0.055504024 0.041397095 0.036238693 0.0374382 0.02353641 0.023030184 0.024974339
mgau 93
feat 0
density 	0 9.159782 0.78628695 0.19925077 0.26065004 0.10948801 0.06352075 0.055504024 0.041397095 0.036238693 0.0374382 0.02353641 0.023030184 0.024974339
mgau 94
feat 0
density 	0 0.0 0.0 0.0 0.0 0.0 0.0 0.0 0.0 0.0 0.0 0.0 0.0 0.0
mgau 95
feat 0
density 	0 9.159782 0.78628695 0.19925077 0.26065004 0.10948801 0.06352075 0.055504024 0.041397095 0.036238693 0.0374382 0.02353641 0.023030184 0.024974339
mgau 96
feat 0
density 	0 9.159782 0.78628695 0.19925077 0.26065004 0.10948801 0.06352075 0.055504024 0.041397095 0.036238693 0.0374382 0.02353641 0.023030184 0.024974339
mgau 97
feat 0
density 	0 0.0 0.0 0.0 0.0 0.0 0.0 0.0 0.0 0.0 0.0 0.0 0.0 0.0
mgau 98
feat 0
density 	0 9.159782 0.78628695 0.19925077 0.26065004 0.10948801 0.06352075 0.055504024 0.041397095 0.036238693 0.0374382 0.02353641 0.023030184 0.024974339
mgau 99
feat 0
density 	0 9.159782 0.78628695 0.19925077 0.26065004 0.10948801 0.06352075 0.055504024 0.041397095 0.036238693 0.0374382 0.02353641 0.023030184 0.024974339
mgau 100
feat 0
density 	0 0.0 0.0 0.0 0.0 0.0 0.0 0.0 0.0 0.0 0.0 0.0 0.0 0.0
mgau 101
feat 0
density 	0 9.159782 0.78628695 0.19925077 0.26065004 0.10948801 0.06352075 0.055504024 0.041397095 0.036238693 0.0374382 0.02353641 0.023030184 0.024974339
