param 102 1 1
mgau 0
feat 0
density 	0 9.124622 -0.21752809 0.2052529 0.12377095 -0.2533519 0.03619449 -0.09937854 -0.0733074 -0.09219592 -0.090703435 -0.1370543 -0.030479098 -0.09247879
mgau 1
feat 0
density 	0 9.124622 -0.21752809 0.2052529 0.12377095 -0.2533519 0.03619449 -0.09937854 -0.0733074 -0.09219592 -0.090703435 -0.1370543 -0.030479098 -0.09247879
mgau 2
feat 0
density 	0 9.124622 -0.21752809 0.2052529 0.12377095 -0.2533519 0.03619449 -0.09937854 -0.0733074 -0.09219592 -0.090703435 -0.1370543 -0.030479098 -0.09247879
mgau 3
feat 0
density 	0 9.124622 -0.21752809 0.2052529 0.12377095 -0.2533519 0.03619449 -0.09937854 -0.0733074 -0.09219592 -0.090703435 -0.1370543 -0.030479098 -0.09247879
mgau 4
feat 0
density 	0 9.124622 -0.21752809 0.2052529 0.12377095 -0.2533519 0.03619449 -0.09937854 -0.0733074 -0.09219592 -0.090703435 -0.1370543 -0.030479098 -0.09247879
mgau 5
feat 0
density 	0 9.124622 -0.21752809 0.2052529 0.12377095 -0.2533519 0.03619449 -0.09937854 -0.0733074 -0.09219592 -0.090703435 -0.1370543 -0.030479098 -0.09247879
mgau 6
feat 0
density 	0 9.124622 -0.21752809 0.2052529 0.12377095 -0.2533519 0.03619449 -0.09937854 -0.0733074 -0.09219592 -0.090703435 -0.1370543 -0.030479098 -0.09247879
mgau 7
feat 0
density 	0 5.6247883 0.0111229755 -0.10301059 0.11650792 0.07937695 0.19659029 -0.08936904 -0.17605092 -0.105905436 -0.18283595 -0.14505836 0.011635373 -0.0293378
mgau 8
feat 0
density 	0 9.124622 -0.21752809 0.2052529 0.12377095 -0.2533519 0.03619449 -0.09937854 -0.0733074 -0.09219592 -0.090703435 -0.1370543 -0.030479098 -0.09247879
mgau 9
feat 0
density 	0 9.124622 -0.21752809 0.2052529 0.12377095 -0.2533519 0.03619449 -0.09937854 -0.0733074 -0.09219592 -0.090703435 -0.1370543 -0.030479098 -0.09247879
mgau 10
feat 0
density 	0 9.124622 -0.21752809 0.2052529 0.12377095 -0.2533519 0.03619449 -0.09937854 -0.0733074 -0.09219592 -0.090703435 -0.1370543 -0.030479098 -0.09247879
mgau 11
feat 0
density 	0 9.124622 -0.21752809 0.2052529 0.12377095 -0.2533519 0.03619449 -0.09937854 -0.0733074 -0.09219592 -0.090703435 -0.1370543 -0.030479098 -0.09247879
mgau 12
feat 0
density 	0 9.124622 -0.21752809 0.2052529 0.12377095 -0.2533519 0.03619449 -0.09937854 -0.0733074 -0.09219592 -0.090703435 -0.1370543 -0.030479098 -0.09247879
mgau 13
feat 0
density 	0 5.638213 0.074833244 -0.12216325 0.09262088 -0.07293646 -0.009897235 -0.08666727 -0.054042436 -0.15350069 -0.14938569 -0.11659134 -0.082018934 -0.057218123
mgau 14
feat 0
density 	0 9.124622 -0.21752809 0.2052529 0.12377095 -0.2533519 0.03619449 -0.09937854 -0.0733074 -0.09219592 -0.090703435 -0.1370543 -0.030479098 -0.09247879
mgau 15
feat 0
density 	0 9.124622 -0.21752809 0.2052529 0.12377095 -0.2533519 0.03619449 -0.09937854 -0.0733074 -0.09219592 -0.090703435 -0.1370543 -0.030479098 -0.09247879
mgau 16
feat 0
density 	0 5.1408653 0.056337688 -0.029423643 0.03242454 0.024385853 0.12957805 0.027435947 -0.087933496 -0.1433992 -0.13638636 -0.027508678 -0.1044199 -0.04165916
mgau 17
feat 0
density 	0 9.124622 -0.21752809 0.2052529 0.12377095 -0.2533519 0.03619449 -0.09937854 -0.0733074 -0.09219592 -0.090703435 -0.1370543 -0.030479098 -0.09247879
mgau 18
feat 0
density 	0 9.124622 -0.21752809 0.2052529 0.12377095 -0.2533519 0.03619449 -0.09937854 -0.0733074 -0.09219592 -0.090703435 -0.1370543 -0.030479098 -0.09247879
mgau 19
feat 0
density 	0 5.638215 0.074834704 -0.1221599 0.092626356 -0.0729345 -0.009900424 -0.086670175 -0.05404354 -0.15350197 -0.14938486 -0.11659263 -0.08201588 -0.05721723
mgau 20
feat 0
density 	0 9.124622 -0.21752809 0.2052529 0.12377095 -0.2533519 0.03619449 -0.09937854 -0.0733074 -0.09219592 -0.090703435 -0.1370543 -0.030479098 -0.09247879
mgau 21
feat 0
density 	0 9.124622 -0.21752809 0.2052529 0.12377095 -0.2533519 0.03619449 -0.09937854 -0.0733074 -0.09219592 -0.090703435 -0.1370543 -0.030479098 -0.09247879
mgau 22
feat 0
density 	0 9.124622 -0.21752809 0.2052529 0.12377095 -0.2533519 0.03619449 -0.09937854 -0.0733074 -0.09219592 -0.090703435 -0.1370543 -0.030479098 -0.09247879
mgau 23
feat 0
density 	0 9.124622 -0.21752809 0.2052529 0.12377095 -0.2533519 0.03619449 -0.09937854 -0.0733074 -0.09219592 -0.090703435 -0.1370543 -0.030479098 -0.09247879
mgau 24
feat 0
density 	0 9.124622 -0.21752809 0.2052529 0.12377095 -0.2533519 0.03619449 -0.09937854 -0.0733074 -0.09219592 -0.090703435 -0.1370543 -0.030479098 -0.09247879
mgau 25
feat 0
density 	0 9.124622 -0.21752809 0.2052529 0.12377095 -0.2533519 0.03619449 -0.09937854 -0.0733074 -0.09219592 -0.090703435 -0.1370543 -0.030479098 -0.09247879
mgau 26
feat 0
density 	0 9.124622 -0.21752809 0.2052529 0.12377095 -0.2533519 0.03619449 -0.09937854 -0.0733074 -0.09219592 -0.090703435 -0.1370543 -0.030479098 -0.09247879
mgau 27
feat 0
density 	0 9.124622 -0.21752809 0.2052529 0.12377095 -0.2533519 0.03619449 -0.09937854 -0.0733074 -0.09219592 -0.090703435 -0.1370543 -0.030479098 -0.09247879
mgau 28
feat 0
density 	0 5.2939367 -0.093371555 0.027215583 -0.014469838 -0.07537583 0.08237172 0.07510302 -0.119198576 -0.14010206 -0.13926148 -0.13022673 -0.11127059 0.0036977935
mgau 29
feat 0
density 	0 9.124622 -0.21752809 0.2052529 0.12377095 -0.2533519 0.03619449 -0.09937854 -0.0733074 -0.09219592 -0.090703435 -0.1370543 -0.030479098 -0.09247879
mgau 30
feat 0
density 	0 9.124622 -0.21752809 0.2052529 0.12377095 -0.2533519 0.03619449 -0.09937854 -0.0733074 -0.09219592 -0.090703435 -0.1370543 -0.030479098 -0.09247879
mgau 31
feat 0
density 	0 9.124622 -0.21752809 0.2052529 0.12377095 -0.2533519 0.03619449 -0.09937854 -0.0733074 -0.09219592 -0.090703435 -0.1370543 -0.030479098 -0.09247879
mgau 32
feat 0
density 	0 9.124622 -0.21752809 0.2052529 0.12377095 -0.2533519 0.03619449 -0.09937854 -0.0733074 -0.09219592 -0.090703435 -0.1370543 -0.030479098 -0.09247879
mgau 33
feat 0
density 	0 9.124622 -0.21752809 0.2052529 0.12377095 -0.2533519 0.03619449 -0.09937854 -0.0733074 -0.09219592 -0.090703435 -0.1370543 -0.030479098 -0.09247879
mgau 34
feat 0
density 	0 4.990117 -0.15444201 0.24795689 0.10494684 0.026508456 0.13345024 -0.063040264 -0.12683392 -0.07064302 -0.17118888 -0.112524234 -0.081816494 -0.10562885
mgau 35
feat 0
density 	0 9.124622 -0.21752809 0.2052529 0.12377095 -0.2533519 0.03619449 -0.09937854 -0.0733074 -0.09219592 -0.090703435 -0.1370543 -0.030479098 -0.09247879
mgau 36
feat 0
density 	0 9.124622 -0.21752809 0.2052529 0.12377095 -0.2533519 0.03619449 -0.09937854 -0.0733074 -0.09219592 -0.090703435 -0.1370543 -0.030479098 -0.09247879
mgau 37
feat 0
density 	0 5.253608 -0.10040926 0.072789855 0.10787515 -0.0150557505 0.12615557 0.019677386 -0.20304449 -0.14286788 -0.16770512 -0.15106227 -0.124542676 -0.15156737
mgau 38
feat 0
density 	0 9.124622 -0.21752809 0.2052529 0.12377095 -0.2533519 0.03619449 -0.09937854 -0.0733074 -0.09219592 -0.090703435 -0.1370543 -0.030479098 -0.09247879
mgau 39
feat 0
density 	0 9.124622 -0.21752809 0.2052529 0.12377095 -0.2533519 0.03619449 -0.09937854 -0.0733074 -0.09219592 -0.090703435 -0.1370543 -0.030479098 -0.09247879
mgau 40
feat 0
density 	0 5.8059163 -0.3094871 -0.061656367 0.18541123 0.010038728 0.046613574 -0.033756353 -0.24120376 -0.03672085 -0.07879359 -0.19768621 -0.065006204 0.016692614
mgau 41
feat 0
density 	0 9.124622 -0.21752809 0.2052529 0.12377095 -0.2533519 0.03619449 -0.09937854 -0.0733074 -0.09219592 -0.090703435 -0.1370543 -0.030479098 -0.09247879
mgau 42
feat 0
density 	0 9.124622 -0.21752809 0.2052529 0.12377095 -0.2533519 0.03619449 -0.09937854 -0.0733074 -0.09219592 -0.090703435 -0.1370543 -0.030479098 -0.09247879
mgau 43
feat 0
density 	0 5.384062 -0.09873026 0.10447489 -0.069587715 -0.1442053 -0.0057453006 -0.063690245 -0.06558814 -0.16229375 -0.19257578 -0.06304853 -0.057111427 -0.062610134
mgau 44
feat 0
density 	0 9.124622 -0.21752809 0.2052529 0.12377095 -0.2533519 0.03619449 -0.09937854 -0.0733074 -0.09219592 -0.090703435 -0.1370543 -0.030479098 -0.09247879
mgau 45
feat 0
density 	0 9.124622 -0.21752809 0.2052529 0.12377095 -0.2533519 0.03619449 -0.09937854 -0.0733074 -0.09219592 -0.090703435 -0.1370543 -0.030479098 -0.09247879
mgau 46
feat 0
density 	0 5.0601106 -0.22129205 0.15992343 0.01058567 -0.08742714 0.024262529 -0.08197151 -0.20471081 -0.077165104 -0.15712318 -0.30240437 -0.12036665 -0.08926228
mgau 47
feat 0
density 	0 9.124622 -0.21752809 0.2052529 0.12377095 -0.2533519 0.03619449 -0.09937854 -0.0733074 -0.09219592 -0.090703435 -0.1370543 -0.030479098 -0.09247879
mgau 48
feat 0
density 	0 9.124622 -0.21752809 0.2052529 0.12377095 -0.2533519 0.03619449 -0.09937854 -0.0733074 -0.09219592 -0.090703435 -0.1370543 -0.030479098 -0.09247879
mgau 49
feat 0
density 	0 5.115864 -0.08473933 0.04261905 0.075442165 0.002341003 0.07593609 -0.029968103 -0.15366007 -0.037540033 -0.07986021 -0.014070751 -0.08946716 0.09189226
mgau 50
feat 0
density 	0 9.124622 -0.21752809 0.2052529 0.12377095 -0.2533519 0.03619449 -0.09937854 -0.0733074 -0.09219592 -0.090703435 -0.1370543 -0.030479098 -0.09247879
mgau 51
feat 0
density 	0 9.124622 -0.21752809 0.2052529 0.12377095 -0.2533519 0.03619449 -0.09937854 -0.0733074 -0.09219592 -0.090703435 -0.1370543 -0.030479098 -0.09247879
mgau 52
feat 0
density 	0 5.355465 -0.120850205 -0.11662994 0.113324866 -0.27504316 0.15165214 0.008141419 -6.3279025E-5 -0.14573832 -0.026603008 -0.114244156 -0.16085911 -0.13679859
mgau 53
feat 0
density 	0 9.124622 -0.21752809 0.2052529 0.12377095 -0.2533519 0.03619449 -0.09937854 -0.0733074 -0.09219592 -0.090703435 -0.1370543 -0.030479098 -0.09247879
mgau 54
feat 0
density 	0 9.124622 -0.21752809 0.2052529 0.12377095 -0.2533519 0.03619449 -0.09937854 -0.0733074 -0.09219592 -0.090703435 -0.1370543 -0.030479098 -0.09247879
mgau 55
feat 0
density 	0 5.1183295 -0.08985691 0.038682245 0.07577158 0.0065816226 0.07649183 -0.017338984 -0.15474811 -0.035836924 -0.07469856 -0.008675721 -0.08737467 0.106515445
mgau 56
feat 0
density 	0 9.124622 -0.21752809 0.2052529 0.12377095 -0.2533519 0.03619449 -0.09937854 -0.0733074 -0.09219592 -0.090703435 -0.1370543 -0.030479098 -0.09247879
mgau 57
feat 0
density 	0 9.124622 -0.21752809 0.2052529 0.12377095 -0.2533519 0.03619449 -0.09937854 -0.0733074 -0.09219592 -0.090703435 -0.1370543 -0.030479098 -0.09247879
mgau 58
feat 0
density 	0 9.124622 -0.21752809 0.2052529 0.12377095 -0.2533519 0.03619449 -0.09937854 -0.0733074 -0.09219592 -0.090703435 -0.1370543 -0.030479098 -0.09247879
mgau 59
feat 0
density 	0 9.124622 -0.21752809 0.2052529 0.12377095 -0.2533519 0.03619449 -0.09937854 -0.0733074 -0.09219592 -0.090703435 -0.1370543 -0.030479098 -0.09247879
mgau 60
feat 0
density 	0 9.124622 -0.21752809 0.2052529 0.12377095 -0.2533519 0.03619449 -0.09937854 -0.0733074 -0.09219592 -0.090703435 -0.1370543 -0.030479098 -0.09247879
mgau 61
feat 0
density 	0 5.0941815 0.11677702 0.12591492 0.07040197 -0.14382789 0.12226109 -0.077554956 -0.19126025 -0.16996704 -0.2186952 -0.16025329 0.00889921 0.015146532
mgau 62
feat 0
density 	0 9.124622 -0.21752809 0.2052529 0.12377095 -0.2533519 0.03619449 -0.09937854 -0.0733074 -0.09219592 -0.090703435 -0.1370543 -0.030479098 -0.09247879
mgau 63
feat 0
density 	0 9.124622 -0.21752809 0.2052529 0.12377095 -0.2533519 0.03619449 -0.09937854 -0.0733074 -0.09219592 -0.090703435 -0.1370543 -0.030479098 -0.09247879
mgau 64
feat 0
density 	0 5.293928 -0.09338167 0.02720857 -0.014439125 -0.07539061 0.08236916 0.075080924 -0.11919175 -0.14009681 -0.13923772 -0.13020244 -0.11123015 0.0036841228
mgau 65
feat 0
density 	0 9.124622 -0.21752809 0.2052529 0.12377095 -0.2533519 0.03619449 -0.09937854 -0.0733074 -0.09219592 -0.090703435 -0.1370543 -0.030479098 -0.09247879
mgau 66
feat 0
density 	0 9.124622 -0.21752809 0.2052529 0.12377095 -0.2533519 0.03619449 -0.09937854 -0.0733074 -0.09219592 -0.090703435 -0.1370543 -0.030479098 -0.09247879
mgau 67
feat 0
density 	0 5.069508 0.0010555834 0.1009362 0.06596824 -0.06467438 0.063662805 -0.22803181 -0.13611196 -0.06714667 -0.16014199 -0.10118152 -0.115813516 -0.13695121
mgau 68
feat 0
density 	0 9.124622 -0.21752809 0.2052529 0.12377095 -0.2533519 0.03619449 -0.09937854 -0.0733074 -0.09219592 -0.090703435 -0.1370543 -0.030479098 -0.09247879
mgau 69
feat 0
density 	0 9.124622 -0.21752809 0.2052529 0.12377095 -0.2533519 0.03619449 -0.09937854 -0.0733074 -0.09219592 -0.090703435 -0.1370543 -0.030479098 -0.09247879
mgau 70
feat 0
density 	0 9.124622 -0.21752809 0.2052529 0.12377095 -0.2533519 0.03619449 -0.09937854 -0.0733074 -0.09219592 -0.090703435 -0.1370543 -0.030479098 -0.09247879
mgau 71
feat 0
density 	0 9.124622 -0.21752809 0.2052529 0.12377095 -0.2533519 0.03619449 -0.09937854 -0.0733074 -0.09219592 -0.090703435 -0.1370543 -0.030479098 -0.09247879
mgau 72
feat 0
density 	0 9.124622 -0.21752809 0.2052529 0.12377095 -0.2533519 0.03619449 -0.09937854 -0.0733074 -0.09219592 -0.090703435 -0.1370543 -0.030479098 -0.09247879
mgau 73
feat 0
density 	0 5.1027803 -0.13963726 -0.029518422 -0.034979988 -0.10576303 0.0806412 0.0028295277 -0.16403656 0.043227017 -0.2223177 -0.12167557 -0.08782725 -0.085317336
mgau 74
feat 0
density 	0 9.124622 -0.21752809 0.2052529 0.12377095 -0.2533519 0.03619449 -0.09937854 -0.0733074 -0.09219592 -0.090703435 -0.1370543 -0.030479098 -0.09247879
mgau 75
feat 0
density 	0 9.124622 -0.21752809 0.2052529 0.12377095 -0.2533519 0.03619449 -0.09937854 -0.0733074 -0.09219592 -0.090703435 -0.1370543 -0.030479098 -0.09247879
mgau 76
feat 0
density 	0 4.9903045 -0.1545236 0.24767245 0.10508158 0.02628298 0.1334097 -0.06302453 -0.12719102 -0.07075386 -0.17126037 -0.11253729 -0.08161846 -0.10542249
mgau 77
feat 0
density 	0 9.124622 -0.21752809 0.2052529 0.12377095 -0.2533519 0.03619449 -0.09937854 -0.0733074 -0.09219592 -0.090703435 -0.1370543 -0.030479098 -0.09247879
mgau 78
feat 0
density 	0 9.124622 -0.21752809 0.2052529 0.12377095 -0.2533519 0.03619449 -0.09937854 -0.0733074 -0.09219592 -0.090703435 -0.1370543 -0.030479098 -0.09247879
mgau 79
feat 0
density 	0 5.109421 -0.081090264 0.16220066 0.057216186 -0.016606113 0.081873894 0.0016213387 -0.14736615 -0.21773313 -0.14848445 -0.07260535 -0.05422409 -0.05736951
mgau 80
feat 0
density 	0 9.124622 -0.21752809 0.2052529 0.12377095 -0.2533519 0.03619449 -0.09937854 -0.0733074 -0.09219592 -0.090703435 -0.1370543 -0.030479098 -0.09247879
mgau 81
feat 0
density 	0 9.124622 -0.21752809 0.2052529 0.12377095 -0.2533519 0.03619449 -0.09937854 -0.0733074 -0.09219592 -0.090703435 -0.1370543 -0.030479098 -0.09247879
mgau 82
feat 0
density 	0 5.4489145 0.19326 -0.16490532 -0.028296279 -0.13266587 0.040379778 -0.098659284 -0.06714158 -0.014405766 -0.11056293 -0.113261476 -0.28111592 -0.13807026
mgau 83
feat 0
density 	0 9.124622 -0.21752809 0.2052529 0.12377095 -0.2533519 0.03619449 -0.09937854 -0.0733074 -0.09219592 -0.090703435 -0.1370543 -0.030479098 -0.09247879
mgau 84
feat 0
density 	0 9.124622 -0.21752809 0.2052529 0.12377095 -0.2533519 0.03619449 -0.09937854 -0.0733074 -0.09219592 -0.090703435 -0.1370543 -0.030479098 -0.09247879
mgau 85
feat 0
density 	0 5.5158157 -0.26677963 0.042430926 0.102463104 -0.0930486 0.17635946 -0.0584916 -0.17596133 -0.077138 -0.102831475 -0.041381378 -0.12138754 -0.07856526
mgau 86
feat 0
density 	0 9.124622 -0.21752809 0.2052529 0.12377095 -0.2533519 0.03619449 -0.09937854 -0.0733074 -0.09219592 -0.090703435 -0.1370543 -0.030479098 -0.09247879
mgau 87
feat 0
density 	0 9.124622 -0.21752809 0.2052529 0.12377095 -0.2533519 0.03619449 -0.09937854 -0.0733074 -0.09219592 -0.090703435 -0.1370543 -0.030479098 -0.09247879
mgau 88
feat 0
density 	0 5.407157 -0.29168692 0.28242555 0.076148264 -0.135844 -0.112792864 -0.052013185 -0.05843713 -0.17802987 -0.15605596 -0.06646704 -0.04238504 0.08834969
mgau 89
feat 0
density 	0 9.124622 -0.21752809 0.2052529 0.12377095 -0.2533519 0.03619449 -0.09937854 -0.0733074 -0.09219592 -0.090703435 -0.1370543 -0.030479098 -0.09247879
mgau 90
feat 0
density 	0 9.124622 -0.21752809 0.2052529 0.12377095 -0.2533519 0.03619449 -0.09937854 -0.0733074 -0.09219592 -0.090703435 -0.1370543 -0.030479098 -0.09247879
mgau 91
feat 0
density 	0 5.1809487 -0.1389277 0.09506121 0.059079584 -0.018293606 0.06863222 -0.020456128 -0.14633287 -0.12526438 -0.026030816 -0.031025259 0.005767643 -0.023820257
mgau 92
feat 0
density 	0 9.124622 -0.21752809 0.2052529 0.12377095 -0.2533519 0.03619449 -0.09937854 -0.0733074 -0.09219592 -0.090703435 -0.1370543 -0.030479098 -0.09247879
mgau 93
feat 0
density 	0 9.124622 -0.21752809 0.2052529 0.12377095 -0.2533519 0.03619449 -0.09937854 -0.0733074 -0.09219592 -0.090703435 -0.1370543 -0.030479098 -0.09247879
mgau 94
feat 0
density 	0 5.427956 -0.13380124 -0.0242392 -0.005848955 0.06919133 0.106934495 -0.09296744 -0.13243829 -0.20233375 -0.0977197 -0.010124894 -0.08121647 -0.08731818
mgau 95
feat 0
density 	0 9.124622 -0.21752809 0.2052529 0.12377095 -0.2533519 0.03619449 -0.09937854 -0.0733074 -0.09219592 -0.090703435 -0.1370543 -0.030479098 -0.09247879
mgau 96
feat 0
density 	0 9.124622 -0.21752809 0.2052529 0.12377095 -0.2533519 0.03619449 -0.09937854 -0.0733074 -0.09219592 -0.090703435 -0.1370543 -0.030479098 -0.09247879
mgau 97
feat 0
density 	0 5.2801075 -0.03265748 0.1729663 0.06714978 0.014196642 0.17831115 -0.009444596 -0.124108806 -0.16203864 -0.10872697 -0.08302387 -0.07161888 0.06506915
mgau 98
feat 0
density 	0 9.124622 -0.21752809 0.2052529 0.12377095 -0.2533519 0.03619449 -0.09937854 -0.0733074 -0.09219592 -0.090703435 -0.1370543 -0.030479098 -0.09247879
mgau 99
feat 0
density 	0 9.124622 -0.21752809 0.2052529 0.12377095 -0.2533519 0.03619449 -0.09937854 -0.0733074 -0.09219592 -0.090703435 -0.1370543 -0.030479098 -0.09247879
mgau 100
feat 0
density 	0 5.017693 -0.04597594 0.0876635 0.11116154 -0.110506676 0.014405317 -0.14096974 -0.1334695 -0.10755364 -0.049874645 -0.15319483 -0.15115687 -0.027081518
mgau 101
feat 0
density 	0 9.124622 -0.21752809 0.2052529 0.12377095 -0.2533519 0.03619449 -0.09937854 -0.0733074 -0.09219592 -0.090703435 -0.1370543 -0.030479098 -0.09247879
