param 102 1 1
mgau 0
feat 0
density 	0 7.349327 0.48361576 0.20965694 0.15502322 0.12022799 0.055821303 0.030815937 0.04143977 0.027326263 0.025271367 0.024116328 0.022045622 0.029961273
mgau 1
feat 0
density 	0 7.349327 0.48361576 0.20965694 0.15502322 0.12022799 0.055821303 0.030815937 0.04143977 0.027326263 0.025271367 0.024116328 0.022045622 0.029961273
mgau 2
feat 0
density 	0 7.349327 0.48361576 0.20965694 0.15502322 0.12022799 0.055821303 0.030815937 0.04143977 0.027326263 0.025271367 0.024116328 0.022045622 0.029961273
mgau 3
feat 0
density 	0 7.349327 0.48361576 0.20965694 0.15502322 0.12022799 0.055821303 0.030815937 0.04143977 0.027326263 0.025271367 0.024116328 0.022045622 0.029961273
mgau 4
feat 0
density 	0 7.349327 0.48361576 0.20965694 0.15502322 0.12022799 0.055821303 0.030815937 0.04143977 0.027326263 0.025271367 0.024116328 0.022045622 0.029961273
mgau 5
feat 0
density 	0 7.349327 0.48361576 0.20965694 0.15502322 0.12022799 0.055821303 0.030815937 0.04143977 0.027326263 0.025271367 0.024116328 0.022045622 0.029961273
mgau 6
feat 0
density 	0 7.349327 0.48361576 0.20965694 0.15502322 0.12022799 0.055821303 0.030815937 0.04143977 0.027326263 0.025271367 0.024116328 0.022045622 0.029961273
mgau 7
feat 0
density 	0 0.0 0.0017409659 0.0 0.0 0.0066254768 0.0 0.0 0.0 0.0 0.0 0.0 6.3087E-4 0.0
mgau 8
feat 0
density 	0 7.349327 0.48361576 0.20965694 0.15502322 0.12022799 0.055821303 0.030815937 0.04143977 0.027326263 0.025271367 0.024116328 0.022045622 0.029961273
mgau 9
feat 0
density 	0 7.349327 0.48361576 0.20965694 0.15502322 0.12022799 0.055821303 0.030815937 0.04143977 0.027326263 0.025271367 0.024116328 0.022045622 0.029961273
mgau 10
feat 0
density 	0 7.349327 0.48361576 0.20965694 0.15502322 0.12022799 0.055821303 0.030815937 0.04143977 0.027326263 0.025271367 0.024116328 0.022045622 0.029961273
mgau 11
feat 0
density 	0 7.349327 0.48361576 0.20965694 0.15502322 0.12022799 0.055821303 0.030815937 0.04143977 0.027326263 0.025271367 0.024116328 0.022045622 0.029961273
mgau 12
feat 0
density 	0 7.349327 0.48361576 0.20965694 0.15502322 0.12022799 0.055821303 0.030815937 0.04143977 0.027326263 0.025271367 0.024116328 0.022045622 0.029961273
mgau 13
feat 0
density 	0 0.0 0.02043682 0.0 0.003574376 0.0 2.2489359E-4 0.0 0.0 0.0 0.0 0.0 0.004264302 0.0
mgau 14
feat 0
density 	0 7.349327 0.48361576 0.20965694 0.15502322 0.12022799 0.055821303 0.030815937 0.04143977 0.027326263 0.025271367 0.024116328 0.022045622 0.029961273
mgau 15
feat 0
density 	0 7.349327 0.48361576 0.20965694 0.15502322 0.12022799 0.055821303 0.030815937 0.04143977 0.027326263 0.025271367 0.024116328 0.022045622 0.029961273
mgau 16
feat 0
density 	0 0.0 0.0 0.009280382 3.5505742E-5 0.013425747 0.0 0.0057626166 0.0 0.0 0.0 0.0014439151 0.0 0.0
mgau 17
feat 0
density 	0 7.349327 0.48361576 0.20965694 0.15502322 0.12022799 0.055821303 0.030815937 0.04143977 0.027326263 0.025271367 0.024116328 0.022045622 0.029961273
mgau 18
feat 0
density 	0 7.349327 0.48361576 0.20965694 0.15502322 0.12022799 0.055821303 0.030815937 0.04143977 0.027326263 0.025271367 0.024116328 0.022045622 0.029961273
mgau 19
feat 0
density 	0 0.0 0.0 0.0 0.0 0.0 0.0010207171 0.0 0.0 0.0 0.0 0.0 0.004946008 0.0
mgau 20
feat 0
density 	0 7.349327 0.48361576 0.20965694 0.15502322 0.12022799 0.055821303 0.030815937 0.04143977 0.027326263 0.025271367 0.024116328 0.022045622 0.029961273
mgau 21
feat 0
density 	0 7.349327 0.48361576 0.20965694 0.15502322 0.12022799 0.055821303 0.030815937 0.04143977 0.027326263 0.025271367 0.024116328 0.022045622 0.029961273
mgau 22
feat 0
density 	0 7.349327 0.48361576 0.20965694 0.15502322 0.12022799 0.055821303 0.030815937 0.04143977 0.027326263 0.025271367 0.024116328 0.022045622 0.029961273
mgau 23
feat 0
density 	0 7.349327 0.48361576 0.20965694 0.15502322 0.12022799 0.055821303 0.030815937 0.04143977 0.027326263 0.025271367 0.024116328 0.022045622 0.029961273
mgau 24
feat 0
density 	0 7.349327 0.48361576 0.20965694 0.15502322 0.12022799 0.055821303 0.030815937 0.04143977 0.027326263 0.025271367 0.024116328 0.022045622 0.029961273
mgau 25
feat 0
density 	0 7.349327 0.48361576 0.20965694 0.15502322 0.12022799 0.055821303 0.030815937 0.04143977 0.027326263 0.025271367 0.024116328 0.022045622 0.029961273
mgau 26
feat 0
density 	0 7.349327 0.48361576 0.20965694 0.15502322 0.12022799 0.055821303 0.030815937 0.04143977 0.027326263 0.025271367 0.024116328 0.022045622 0.029961273
mgau 27
feat 0
density 	0 7.349327 0.48361576 0.20965694 0.15502322 0.12022799 0.055821303 0.030815937 0.04143977 0.027326263 0.025271367 0.024116328 0.022045622 0.029961273
mgau 28
feat 0
density 	0 0.0 0.005817989 9.702792E-4 1.3356407E-4 0.0 0.0 0.0010835212 0.0 0.0 0.0 0.0 0.0 0.0016090004
mgau 29
feat 0
density 	0 7.349327 0.48361576 0.20965694 0.15502322 0.12022799 0.055821303 0.030815937 0.04143977 0.027326263 0.025271367 0.024116328 0.022045622 0.029961273
mgau 30
feat 0
density 	0 7.349327 0.48361576 0.20965694 0.15502322 0.12022799 0.055821303 0.030815937 0.04143977 0.027326263 0.025271367 0.024116328 0.022045622 0.029961273
mgau 31
feat 0
density 	0 7.349327 0.48361576 0.20965694 0.15502322 0.12022799 0.055821303 0.030815937 0.04143977 0.027326263 0.025271367 0.024116328 0.022045622 0.029961273
mgau 32
feat 0
density 	0 7.349327 0.48361576 0.20965694 0.15502322 0.12022799 0.055821303 0.030815937 0.04143977 0.027326263 0.025271367 0.024116328 0.022045622 0.029961273
mgau 33
feat 0
density 	0 7.349327 0.48361576 0.20965694 0.15502322 0.12022799 0.055821303 0.030815937 0.04143977 0.027326263 0.025271367 0.024116328 0.022045622 0.029961273
mgau 34
feat 0
density 	0 0.0 0.0 0.0 0.0 0.0024204669 0.0 0.0 0.0 0.0 0.0 0.0 0.0 0.0
mgau 35
feat 0
density 	0 7.349327 0.48361576 0.20965694 0.15502322 0.12022799 0.055821303 0.030815937 0.04143977 0.027326263 0.025271367 0.024116328 0.022045622 0.029961273
mgau 36
feat 0
density 	0 7.349327 0.48361576 0.20965694 0.15502322 0.12022799 0.055821303 0.030815937 0.04143977 0.027326263 0.025271367 0.024116328 0.022045622 0.029961273
mgau 37
feat 0
density 	0 0.0 0.0 0.0 0.0 8.621266E-4 0.0 4.7184346E-4 0.0 0.0 0.0 0.0 0.0 0.0
mgau 38
feat 0
density 	0 7.349327 0.48361576 0.20965694 0.15502322 0.12022799 0.055821303 0.030815937 0.04143977 0.027326263 0.025271367 0.024116328 0.022045622 0.029961273
mgau 39
feat 0
density 	0 7.349327 0.48361576 0.20965694 0.15502322 0.12022799 0.055821303 0.030815937 0.04143977 0.027326263 0.025271367 0.024116328 0.022045622 0.029961273
mgau 40
feat 0
density 	0 0.0 0.0 0.0 0.0 6.704042E-4 0.0 0.0017369806 0.0 0.00219278 0.0 0.0 0.0 0.0
mgau 41
feat 0
density 	0 7.349327 0.48361576 0.20965694 0.15502322 0.12022799 0.055821303 0.030815937 0.04143977 0.027326263 0.025271367 0.024116328 0.022045622 0.029961273
mgau 42
feat 0
density 	0 7.349327 0.48361576 0.20965694 0.15502322 0.12022799 0.055821303 0.030815937 0.04143977 0.027326263 0.025271367 0.024116328 0.022045622 0.029961273
mgau 43
feat 0
density 	0 0.0 0.0 0.0 0.0 0.0 0.0042030555 0.0 0.0 0.0 0.0 0.0 0.0 0.0
mgau 44
feat 0
density 	0 7.349327 0.48361576 0.20965694 0.15502322 0.12022799 0.055821303 0.030815937 0.04143977 0.027326263 0.025271367 0.024116328 0.022045622 0.029961273
mgau 45
feat 0
density 	0 7.349327 0.48361576 0.20965694 0.15502322 0.12022799 0.055821303 0.030815937 0.04143977 0.027326263 0.025271367 0.024116328 0.022045622 0.029961273
mgau 46
feat 0
density 	0 0.0 0.0 0.0 8.5109024E-4 0.0 8.1247307E-4 0.0 0.0 0.0 0.0 0.0 0.0 0.0
mgau 47
feat 0
density 	0 7.349327 0.48361576 0.20965694 0.15502322 0.12022799 0.055821303 0.030815937 0.04143977 0.027326263 0.025271367 0.024116328 0.022045622 0.029961273
mgau 48
feat 0
density 	0 7.349327 0.48361576 0.20965694 0.15502322 0.12022799 0.055821303 0.030815937 0.04143977 0.027326263 0.025271367 0.024116328 0.022045622 0.029961273
mgau 49
feat 0
density 	0 0.0 0.0 7.2878366E-4 0.0 0.0014731281 0.0 0.0021799612 0.0 8.5273513E-4 0.0 0.003209566 0.0 0.003066779
mgau 50
feat 0
density 	0 7.349327 0.48361576 0.20965694 0.15502322 0.12022799 0.055821303 0.030815937 0.04143977 0.027326263 0.025271367 0.024116328 0.022045622 0.029961273
mgau 51
feat 0
density 	0 7.349327 0.48361576 0.20965694 0.15502322 0.12022799 0.055821303 0.030815937 0.04143977 0.027326263 0.025271367 0.024116328 0.022045622 0.029961273
mgau 52
feat 0
density 	0 0.0 0.0 0.0036662556 0.0 0.0 0.004049843 0.0017832478 0.0086359205 0.0 0.0014863615 0.0 0.0 0.0
mgau 53
feat 0
density 	0 7.349327 0.48361576 0.20965694 0.15502322 0.12022799 0.055821303 0.030815937 0.04143977 0.027326263 0.025271367 0.024116328 0.022045622 0.029961273
mgau 54
feat 0
density 	0 7.349327 0.48361576 0.20965694 0.15502322 0.12022799 0.055821303 0.030815937 0.04143977 0.027326263 0.025271367 0.024116328 0.022045622 0.029961273
mgau 55
feat 0
density 	0 0.0 0.0 0.0035794028 0.0 0.0031951822 0.0 0.0039144936 0.0 0.0043489216 0.0 0.003549847 0.0 0.0
mgau 56
feat 0
density 	0 7.349327 0.48361576 0.20965694 0.15502322 0.12022799 0.055821303 0.030815937 0.04143977 0.027326263 0.025271367 0.024116328 0.022045622 0.029961273
mgau 57
feat 0
density 	0 7.349327 0.48361576 0.20965694 0.15502322 0.12022799 0.055821303 0.030815937 0.04143977 0.027326263 0.025271367 0.024116328 0.022045622 0.029961273
mgau 58
feat 0
density 	0 7.349327 0.48361576 0.20965694 0.15502322 0.12022799 0.055821303 0.030815937 0.04143977 0.027326263 0.025271367 0.024116328 0.022045622 0.029961273
mgau 59
feat 0
density 	0 7.349327 0.48361576 0.20965694 0.15502322 0.12022799 0.055821303 0.030815937 0.04143977 0.027326263 0.025271367 0.024116328 0.022045622 0.029961273
mgau 60
feat 0
density 	0 7.349327 0.48361576 0.20965694 0.15502322 0.12022799 0.055821303 0.030815937 0.04143977 0.027326263 0.025271367 0.024116328 0.022045622 0.029961273
mgau 61
feat 0
density 	0 0.0 0.0 0.0 0.0 0.0 0.0 0.0 0.0 0.0 0.0 0.0 0.0023633044 0.008780922
mgau 62
feat 0
density 	0 7.349327 0.48361576 0.20965694 0.15502322 0.12022799 0.055821303 0.030815937 0.04143977 0.027326263 0.025271367 0.024116328 0.022045622 0.029961273
mgau 63
feat 0
density 	0 7.349327 0.48361576 0.20965694 0.15502322 0.12022799 0.055821303 0.030815937 0.04143977 0.027326263 0.025271367 0.024116328 0.022045622 0.029961273
mgau 64
feat 0
density 	0 0.0 0.054135576 0.0 0.0 0.0 0.0 0.003955076 0.0 0.0 0.0 0.0 7.9612713E-4 0.0033546262
mgau 65
feat 0
density 	0 7.349327 0.48361576 0.20965694 0.15502322 0.12022799 0.055821303 0.030815937 0.04143977 0.027326263 0.025271367 0.024116328 0.022045622 0.029961273
mgau 66
feat 0
density 	0 7.349327 0.48361576 0.20965694 0.15502322 0.12022799 0.055821303 0.030815937 0.04143977 0.027326263 0.025271367 0.024116328 0.022045622 0.029961273
mgau 67
feat 0
density 	0 0.0 0.0039923987 0.0 0.0 0.0 0.0 0.0 0.0 0.0 0.0 0.0 0.0 0.0
mgau 68
feat 0
density 	0 7.349327 0.48361576 0.20965694 0.15502322 0.12022799 0.055821303 0.030815937 0.04143977 0.027326263 0.025271367 0.024116328 0.022045622 0.029961273
mgau 69
feat 0
density 	0 7.349327 0.48361576 0.20965694 0.15502322 0.12022799 0.055821303 0.030815937 0.04143977 0.027326263 0.025271367 0.024116328 0.022045622 0.029961273
mgau 70
feat 0
density 	0 7.349327 0.48361576 0.20965694 0.15502322 0.12022799 0.055821303 0.030815937 0.04143977 0.027326263 0.025271367 0.024116328 0.022045622 0.029961273
mgau 71
feat 0
density 	0 7.349327 0.48361576 0.20965694 0.15502322 0.12022799 0.055821303 0.030815937 0.04143977 0.027326263 0.025271367 0.024116328 0.022045622 0.029961273
mgau 72
feat 0
density 	0 7.349327 0.48361576 0.20965694 0.15502322 0.12022799 0.055821303 0.030815937 0.04143977 0.027326263 0.025271367 0.024116328 0.022045622 0.029961273
mgau 73
feat 0
density 	0 0.0 0.0 0.017862916 0.0053941496 0.0 0.0 0.0022542207 0.0 0.009347054 0.0 0.0 0.0 0.0
mgau 74
feat 0
density 	0 7.349327 0.48361576 0.20965694 0.15502322 0.12022799 0.055821303 0.030815937 0.04143977 0.027326263 0.025271367 0.024116328 0.022045622 0.029961273
mgau 75
feat 0
density 	0 7.349327 0.48361576 0.20965694 0.15502322 0.12022799 0.055821303 0.030815937 0.04143977 0.027326263 0.025271367 0.024116328 0.022045622 0.029961273
mgau 76
feat 0
density 	0 0.0 0.0 0.0 0.0 0.0066557275 0.0 0.0 0.0 0.0 0.0 0.0 0.0 0.0
mgau 77
feat 0
density 	0 7.349327 0.48361576 0.20965694 0.15502322 0.12022799 0.055821303 0.030815937 0.04143977 0.027326263 0.025271367 0.024116328 0.022045622 0.029961273
mgau 78
feat 0
density 	0 7.349327 0.48361576 0.20965694 0.15502322 0.12022799 0.055821303 0.030815937 0.04143977 0.027326263 0.025271367 0.024116328 0.022045622 0.029961273
mgau 79
feat 0
density 	0 0.0 0.0 0.0 0.0 0.01281205 0.0 0.00613623 0.0 0.0 0.0 0.0 9.94564E-5 1.4666049E-4
mgau 80
feat 0
density 	0 7.349327 0.48361576 0.20965694 0.15502322 0.12022799 0.055821303 0.030815937 0.04143977 0.027326263 0.025271367 0.024116328 0.022045622 0.029961273
mgau 81
feat 0
density 	0 7.349327 0.48361576 0.20965694 0.15502322 0.12022799 0.055821303 0.030815937 0.04143977 0.027326263 0.025271367 0.024116328 0.022045622 0.029961273
mgau 82
feat 0
density 	0 0.0 0.0 0.009546682 0.0 0.0 0.0030461857 0.0 0.0 0.003907136 0.0 0.0 0.021020785 0.0
mgau 83
feat 0
density 	0 7.349327 0.48361576 0.20965694 0.15502322 0.12022799 0.055821303 0.030815937 0.04143977 0.027326263 0.025271367 0.024116328 0.022045622 0.029961273
mgau 84
feat 0
density 	0 7.349327 0.48361576 0.20965694 0.15502322 0.12022799 0.055821303 0.030815937 0.04143977 0.027326263 0.025271367 0.024116328 0.022045622 0.029961273
mgau 85
feat 0
density 	0 0.0 0.0 6.8054534E-5 0.0 0.0 0.0 0.0 0.0 0.0 0.0 0.0 0.0 0.0
mgau 86
feat 0
density 	0 7.349327 0.48361576 0.20965694 0.15502322 0.12022799 0.055821303 0.030815937 0.04143977 0.027326263 0.025271367 0.024116328 0.022045622 0.029961273
mgau 87
feat 0
density 	0 7.349327 0.48361576 0.20965694 0.15502322 0.12022799 0.055821303 0.030815937 0.04143977 0.027326263 0.025271367 0.024116328 0.022045622 0.029961273
mgau 88
feat 0
density 	0 0.0 0.0 0.0 0.0 0.0 0.012333245 0.0 0.0 0.0 0.0 0.0 0.002770898 0.0
mgau 89
feat 0
density 	0 7.349327 0.48361576 0.20965694 0.15502322 0.12022799 0.055821303 0.030815937 0.04143977 0.027326263 0.025271367 0.024116328 0.022045622 0.029961273
mgau 90
feat 0
density 	0 7.349327 0.48361576 0.20965694 0.15502322 0.12022799 0.055821303 0.030815937 0.04143977 0.027326263 0.025271367 0.024116328 0.022045622 0.029961273
mgau 91
feat 0
density 	0 0.0 0.0 0.0 0.0 0.0 0.0 0.0011830423 0.0 0.0 0.007873943 8.158593E-4 5.993098E-4 0.0
mgau 92
feat 0
density 	0 7.349327 0.48361576 0.20965694 0.15502322 0.12022799 0.055821303 0.030815937 0.04143977 0.027326263 0.025271367 0.024116328 0.022045622 0.029961273
mgau 93
feat 0
density 	0 7.349327 0.48361576 0.20965694 0.15502322 0.12022799 0.055821303 0.030815937 0.04143977 0.027326263 0.025271367 0.024116328 0.022045622 0.029961273
mgau 94
feat 0
density 	0 0.0 0.0 0.008693035 0.0012871504 0.02872348 0.0 0.0 0.0 0.0 0.0 0.0048696534 0.0 0.0
mgau 95
feat 0
density 	0 7.349327 0.48361576 0.20965694 0.15502322 0.12022799 0.055821303 0.030815937 0.04143977 0.027326263 0.025271367 0.024116328 0.022045622 0.029961273
mgau 96
feat 0
density 	0 7.349327 0.48361576 0.20965694 0.15502322 0.12022799 0.055821303 0.030815937 0.04143977 0.027326263 0.025271367 0.024116328 0.022045622 0.029961273
mgau 97
feat 0
density 	0 0.0 0.022068515 0.0 0.0 0.006707377 0.0 0.003143394 0.0 0.0 0.0 0.0 0.0 0.0
mgau 98
feat 0
density 	0 7.349327 0.48361576 0.20965694 0.15502322 0.12022799 0.055821303 0.030815937 0.04143977 0.027326263 0.025271367 0.024116328 0.022045622 0.029961273
mgau 99
feat 0
density 	0 7.349327 0.48361576 0.20965694 0.15502322 0.12022799 0.055821303 0.030815937 0.04143977 0.027326263 0.025271367 0.024116328 0.022045622 0.029961273
mgau 100
feat 0
density 	0 0.0 0.0 0.0 0.0 0.0 0.0013306706 0.0 0.0 0.0 2.546953E-4 0.0 0.0 0.0
mgau 101
feat 0
density 	0 7.349327 0.48361576 0.20965694 0.15502322 0.12022799 0.055821303 0.030815937 0.04143977 0.027326263 0.025271367 0.024116328 0.022045622 0.029961273
