param 102 1 1
mgau 0
feat 0
density 	0 -0.9433996 -0.01492025 0.008888906 -0.049065582 0.03976311 -0.023499804 -0.030205432 -0.036727868 -0.034183044 -0.0038684006 0.04824269 0.017316973 0.017529424
mgau 1
feat 0
density 	0 2.3977168 1.0139886 -0.4110719 -0.5358449 -0.51102585 -0.031812936 0.13397534 0.023544336 -0.052098397 -0.009382208 0.085110076 0.07210574 -0.0730605
mgau 2
feat 0
density 	0 2.8625848 1.3090783 -0.6335838 -0.7317296 -0.27163294 0.09033751 -0.09334741 -0.02648375 0.067885995 -0.03157972 0.037843592 0.081369594 -0.042182162
mgau 3
feat 0
density 	0 2.4324884 0.53425246 -0.58129984 -0.2783916 -0.25737616 0.07394351 -0.030176096 0.030772893 0.051101774 0.1506891 0.015040425 -0.14587201 -0.06842444
mgau 4
feat 0
density 	0 -0.2093381 0.3829332 0.0772401 0.055510152 0.079082854 -0.062945075 -0.04126076 0.020934671 0.07055341 0.043030705 -0.034691025 -0.052240893 0.055668544
mgau 5
feat 0
density 	0 2.2173016 0.97139466 -0.356416 -0.06588533 0.04057551 -0.21387409 -0.08365951 -0.22236513 0.11440527 -0.045497704 -0.007868768 -0.09247466 0.014794258
mgau 6
feat 0
density 	0 0.110735096 0.053962097 -0.08353907 0.015351725 -4.181214E-5 -0.05350695 -0.0491132 -0.047638737 -0.016991442 0.0041157375 0.023493549 0.02639578 0.011524296
mgau 7
feat 0
density 	0 3.0789304 0.6776164 -0.45000407 -0.07987205 -0.19394764 -0.00256459 -0.13337444 -0.19746865 0.02555462 0.049576968 0.057759505 -0.0412794 -0.049329963
mgau 8
feat 0
density 	0 2.6136763 0.21252011 -0.09903955 0.41265333 -0.10800049 -0.26917568 -0.11568332 -0.062030517 -0.06446102 -0.08591007 -0.010496215 -0.040374704 -0.0040386114
mgau 9
feat 0
density 	0 0.15044452 0.066128075 0.0027806505 -0.26983103 -0.06606132 -0.026415095 0.10247014 0.04865397 -0.004110564 0.011917204 -0.023151211 -0.0072973953 0.009360173
mgau 10
feat 0
density 	0 1.315298 1.4698751 0.48739052 0.009172886 -0.6696396 -0.42289272 -0.0079393815 -0.005139842 0.005392528 -0.11759065 -0.057262212 -0.13576822 -0.11440359
mgau 11
feat 0
density 	0 1.988923 1.5783974 -0.0032832162 -0.4454617 -0.44300178 -0.14446262 -0.06295049 0.010561993 0.022818549 -0.2893525 -0.11182534 0.03898452 0.079595126
mgau 12
feat 0
density 	0 3.8021538 0.8537257 -0.38032296 -0.32128033 -0.30493852 -0.03394865 -0.13661967 -0.18866336 -0.09705931 0.039669473 0.15834218 -0.016143735 -0.12824997
mgau 13
feat 0
density 	0 4.279328 0.7737795 -0.5739541 -0.5093013 -0.4891601 0.011930098 0.0015840374 -0.09594364 -0.032594457 0.14844221 0.11042361 -0.056736995 -0.11114224
mgau 14
feat 0
density 	0 -1.6184136 0.12885642 -0.052212536 -0.26292 -0.051213823 0.13025965 8.530571E-4 -0.016697956 0.040081102 0.06868954 0.03865161 0.03292044 0.042903293
mgau 15
feat 0
density 	0 1.6154417 0.45566416 -0.29285213 -0.25982094 -0.198409 0.017882692 -0.007270039 -0.0710854 0.0111739095 0.04832605 0.049745593 -0.013609589 -0.052513894
mgau 16
feat 0
density 	0 3.5072753 0.84262043 -0.63838476 -0.5230171 -0.3508949 0.11067187 0.06768812 -0.07564951 0.009888047 0.119640216 0.036274567 -0.036193207 -0.1383536
mgau 17
feat 0
density 	0 3.0609772 0.51407975 -0.49860677 -0.014098378 -0.11856669 -0.19413579 -0.19383137 0.011174054 0.1223939 0.058331877 -0.039864875 -0.047528796 -0.0013752097
mgau 18
feat 0
density 	0 -3.3127518 0.048956506 0.09359816 -0.20978439 0.19777194 0.15343055 0.07203674 0.039223965 0.06137381 0.07037537 0.044878032 0.03647026 0.038575187
mgau 19
feat 0
density 	0 -3.5119832 0.3671414 0.30923188 -0.1505998 0.28822458 0.23014282 0.16609797 0.046295024 0.005777333 0.03478342 0.062586896 0.09156792 0.01227011
mgau 20
feat 0
density 	0 0.7151675 -0.26329967 -0.121689215 0.040816378 0.18308978 0.047328923 -0.068101734 0.0035819253 0.013401487 -0.0069050854 -0.041678548 -0.012880193 -0.015270182
mgau 21
feat 0
density 	0 -3.4906795 -0.11210728 0.16412406 -0.16319816 0.14427264 0.16998485 0.08694806 0.023329802 0.037586704 0.033844765 0.05166324 0.06494885 0.033326767
mgau 22
feat 0
density 	0 1.4944049 -1.7121785 -0.14237726 0.023939878 -0.21516204 0.06332985 0.09573556 -0.024319796 0.056663778 0.029854534 -0.0025301718 0.05042233 0.019416763
mgau 23
feat 0
density 	0 0.7693993 -1.3517421 -0.27131286 0.09038747 0.012286568 -0.050492484 0.030866869 0.03722789 0.08223315 0.06031973 -0.02255968 0.02967778 0.05613174
mgau 24
feat 0
density 	0 -2.4425142 0.008437614 0.11869766 -0.1486134 0.18944697 0.08515965 0.046802454 0.04671255 0.03602402 0.069685005 0.0069094403 0.01728759 0.035012916
mgau 25
feat 0
density 	0 -2.5461926 0.13608287 0.20746319 0.08212862 0.31734774 0.08915314 0.10607713 0.049580216 0.019099953 0.019644296 -0.011823314 0.029854575 0.015229297
mgau 26
feat 0
density 	0 0.67613524 -0.71129316 0.048060145 -0.119553216 0.03253669 0.015905783 0.0034110164 0.067460686 -0.031986862 0.0031309873 -0.019319087 0.024805667 0.0017332385
mgau 27
feat 0
density 	0 -2.0256717 -0.15428327 0.10093987 0.019964421 0.095950186 -0.017402392 0.016023388 0.0189063 -0.021324048 0.010225191 0.026841562 0.029015243 0.02723547
mgau 28
feat 0
density 	0 1.5602055 0.08072029 -0.29305014 0.11170682 -0.11006868 -0.20024692 -0.16473833 0.0044092927 0.06252676 0.030518837 0.025298297 -0.009461145 0.033129733
mgau 29
feat 0
density 	0 3.7263958 0.47427514 -0.4813613 -0.031949785 -0.17255262 -0.23314784 -0.23168382 -0.02743784 0.12096778 0.06218075 -0.008013497 -0.04230121 0.016701717
mgau 30
feat 0
density 	0 1.1141245 -0.5762503 -0.006358115 -0.06105514 -0.13657841 0.0034423943 0.06362273 0.004004137 -0.019998373 8.7149895E-4 0.0014417742 0.03514782 0.015305788
mgau 31
feat 0
density 	0 3.0753486 0.03146295 -0.3280783 0.17648461 -0.017260762 -0.1271197 -0.17456986 -0.1073216 -0.012147149 -0.02292195 -0.05306071 -0.037144493 -0.015459705
mgau 32
feat 0
density 	0 2.6491785 1.2861569 -0.5633583 -0.15169935 0.13761735 0.16839024 -0.4367723 -0.36621803 0.1050819 -0.017023558 -0.14134939 -0.03354993 0.0077451677
mgau 33
feat 0
density 	0 0.3181174 -0.06795065 -0.029642202 0.26173547 -0.027198978 -0.16203359 -0.06650603 0.007314658 -0.04644502 -0.031397555 0.003460065 0.010988918 0.008190028
mgau 34
feat 0
density 	0 3.0803082 0.24954577 -0.11667703 0.58398867 -0.19455539 -0.34177282 -0.17651075 -0.060722977 -0.11796272 -0.12567371 -0.025494533 -0.021420838 -0.006509655
mgau 35
feat 0
density 	0 1.0888026 0.073479466 0.22459304 0.7483328 -0.06107278 -0.1944579 -0.013632236 -0.018837262 -0.17185201 -0.15075426 -0.03985388 -0.09814697 -0.045106106
mgau 36
feat 0
density 	0 -1.4733737 -0.26525214 0.020347644 -0.09074705 0.13842948 0.08578501 0.057077844 0.036444068 0.029049132 0.061402984 0.0151710985 0.020470442 0.0034473613
mgau 37
feat 0
density 	0 0.337565 -1.2621129 -0.14272372 -0.19579 0.108954094 0.04991465 0.06925505 0.028161896 0.036827214 0.06019175 0.023266671 0.026541602 0.023679607
mgau 38
feat 0
density 	0 0.70207274 -0.7139983 -0.1558064 -0.25176007 0.0059264405 0.03330774 0.07411058 0.017735194 0.0018550385 0.04887949 0.023725731 0.012406522 0.0033554495
mgau 39
feat 0
density 	0 -0.7925161 -0.35831022 0.09180573 -0.013231421 0.03384526 0.084992856 0.0062486865 0.006554702 0.022286369 -0.011434047 -0.026340147 0.003181149 0.011482553
mgau 40
feat 0
density 	0 0.5634632 -0.2609611 -0.17929499 0.014635197 0.16087553 0.05419187 -0.10365941 0.015386591 -0.004183337 -0.017882904 -0.0028516196 0.013000063 -0.023983974
mgau 41
feat 0
density 	0 5.230858 0.32190585 -0.33161584 0.42460066 0.027057044 -0.22950362 -0.45552394 -0.16926207 -0.044814877 -0.13847995 -0.013069136 -0.071799405 -0.06223616
mgau 42
feat 0
density 	0 -2.312675 -0.16784951 0.010544269 -0.08852126 0.0833635 0.08852447 0.072546035 0.032295022 0.04246614 0.015988184 0.024967503 0.04178707 0.023648812
mgau 43
feat 0
density 	0 -1.2060986 0.39840242 0.2220317 0.008561342 0.04648521 0.075398065 0.052687373 0.01678112 -0.055928763 -0.06959083 0.017008528 -0.008301702 -0.002421874
mgau 44
feat 0
density 	0 -0.74949265 0.98557365 0.5587979 0.015809681 -0.13454339 -0.14477646 0.052079987 0.06736316 -0.027529474 -0.106955364 -0.04329703 -0.07652937 -0.07497601
mgau 45
feat 0
density 	0 -0.16772543 -0.6875683 0.19176939 -0.01723634 0.053453676 0.023734031 -0.017428426 0.05802047 0.010781589 0.037898056 -0.0043273643 0.004031638 0.03484163
mgau 46
feat 0
density 	0 2.858466 0.38606045 -0.030016549 0.38907665 0.022091879 -0.13945153 -0.25548527 -0.14015909 -0.09801701 -0.06663917 -0.09006342 -0.11101777 -0.0018475209
mgau 47
feat 0
density 	0 3.0704632 0.5877256 -0.34842765 0.5170848 -0.029012159 -0.23439021 -0.31909066 -0.09572599 -0.034727246 -0.15359618 -0.05239486 -0.054921407 -0.0011020744
mgau 48
feat 0
density 	0 0.28985357 -0.28566194 0.23856743 0.41488823 0.049288202 -0.04723312 0.047498222 0.02787924 -0.08415177 -0.06439448 -0.033268616 -0.03437528 -0.03657969
mgau 49
feat 0
density 	0 2.1013515 -0.025567226 0.14102316 0.8636577 -0.102825664 -0.15844579 0.031213952 -0.02661162 -0.108644165 -0.17991637 -0.045205217 -0.080339216 -0.09105618
mgau 50
feat 0
density 	0 1.5269799 -0.20847942 0.37734833 0.83372355 -0.14170347 -0.067063384 0.11730222 -0.05954773 -0.11657895 -0.09298781 -0.058521315 -0.070033394 -0.08717739
mgau 51
feat 0
density 	0 -3.2041538 0.020240217 0.1795334 -0.098777786 0.21237056 0.15268135 0.09669339 0.045952197 0.05014364 0.04416169 0.028613051 0.04344266 0.024994873
mgau 52
feat 0
density 	0 1.2740674 -1.4172539 -0.18813813 -0.01536715 -0.22469021 0.089501776 0.13722885 -0.0404567 0.05634925 0.052411333 -0.0180741 0.035793625 0.0036332847
mgau 53
feat 0
density 	0 2.2339375 -1.9468907 0.031167908 0.33445218 -0.044479698 -0.02794243 0.111339554 0.028390473 0.027037576 0.024538716 -0.035408452 0.0097015975 0.011650452
mgau 54
feat 0
density 	0 -0.081345946 0.13411498 -0.023459334 0.3911298 0.18003318 -0.07452351 -0.22432156 0.08272552 0.0026351847 -0.16251999 -0.0051009795 -0.0021427365 -0.007665433
mgau 55
feat 0
density 	0 -3.7656868 0.00934443 0.12435451 -0.17986102 0.18031883 0.11767442 0.08230759 0.038167246 0.02650998 0.041221067 0.047616646 0.0651438 0.037101965
mgau 56
feat 0
density 	0 1.4006008 -0.8102303 -0.3159404 -0.3198216 0.054209482 0.07339825 -0.11576224 0.012362661 -0.012373067 0.08465298 0.01371005 -0.012534759 0.047066186
mgau 57
feat 0
density 	0 3.5873566 0.6402718 -0.3833029 -0.44780776 -0.2601069 0.08649882 -0.110435724 -0.16622512 0.014966419 0.14531744 0.103399135 -0.08798899 -0.116731934
mgau 58
feat 0
density 	0 2.1907353 1.0071934 0.22146612 -0.48168412 -0.6649907 -0.003626504 0.10253786 -0.06418983 -0.064522825 -0.07214109 0.008061956 0.0038116763 0.01353086
mgau 59
feat 0
density 	0 -0.10691521 0.6722997 0.26987082 -0.30834785 -0.27854317 0.10522291 0.059931237 -0.078181095 -0.040391482 -0.046356287 0.007298323 0.0029780602 0.0078029027
mgau 60
feat 0
density 	0 3.8645287 0.26246083 -0.43502423 -0.052950487 -0.11026829 -0.1715681 -0.13743357 0.0017241287 0.14853486 0.0472047 -0.05019115 0.017876664 0.03228642
mgau 61
feat 0
density 	0 2.787317 0.77813995 -0.3916033 -0.22541426 -0.011308905 0.026783235 -0.10515325 -0.18853252 0.07844597 0.079879604 -0.025029046 0.0024708523 -0.06410495
mgau 62
feat 0
density 	0 -0.08812543 0.5111009 -0.03428256 0.00657343 0.33528054 0.17147127 0.023202794 0.0205426 -0.066205435 -0.106709905 0.07189398 -0.014816849 -0.06291889
mgau 63
feat 0
density 	0 1.4373528 0.4855899 -0.07799498 0.23507898 0.003016625 -0.08059223 -0.07432239 0.0015578755 0.013812216 -0.057505064 -0.019362452 -0.081446946 0.021529488
mgau 64
feat 0
density 	0 -0.32057777 0.5363357 0.14885597 0.21645391 0.2906336 -0.11436781 0.06974799 0.1449561 -0.183736 0.0012782731 -0.017670317 -0.10292703 0.03811227
mgau 65
feat 0
density 	0 -1.5038564 0.18520395 0.14853413 0.080878384 0.21942611 0.02212864 0.063991986 0.09599208 -0.022994472 0.020455787 -0.005021086 -0.053115938 0.027090713
mgau 66
feat 0
density 	0 -0.19586973 0.19653398 -0.11998196 -0.1308526 -0.047789615 0.032586113 -0.043552652 -0.06565203 -0.037015818 0.052159913 0.066728175 0.032944318 0.0010793172
mgau 67
feat 0
density 	0 2.854993 1.0397321 -0.15122546 -0.22055241 -0.4412677 -0.044112466 0.013084641 -0.14232975 -0.14958955 -0.07720625 0.036865897 0.023755157 -0.010867132
mgau 68
feat 0
density 	0 0.78916687 1.0938787 0.24203335 -0.17460182 -0.4091646 -0.05681933 0.118964136 -0.031311218 -0.14333105 -0.14072672 -0.042079754 -0.020927198 -0.0072347354
mgau 69
feat 0
density 	0 -2.5876763 -0.0256287 -0.025610197 -0.18920615 0.13979274 0.10262159 0.039304297 0.06877033 0.05800501 0.032925155 0.044434614 0.058091186 0.02905291
mgau 70
feat 0
density 	0 -1.0669047 -0.26341686 -0.07945334 -0.1604223 0.16230835 0.05061991 -0.024138315 0.014708478 0.04058561 0.05104014 0.020281311 0.046850637 0.031730924
mgau 71
feat 0
density 	0 2.251506 -0.82531136 -0.07125744 0.07159294 -0.1429733 -0.05536107 -0.0019813438 0.07656619 -0.060520023 0.022726998 -0.029194137 -0.02006706 0.0070388415
mgau 72
feat 0
density 	0 0.71410936 1.3467685 -0.16728765 -0.47386414 0.07250291 0.19946773 -0.10921004 -0.20968619 -0.0027103925 -0.06609446 -0.08481546 0.01007502 0.0036398387
mgau 73
feat 0
density 	0 1.7554814 1.4166447 -0.49475694 -0.49015835 0.17780995 0.2345793 -0.3763963 -0.3522896 0.12247855 0.0348343 -0.08535337 -0.019857045 0.022890104
mgau 74
feat 0
density 	0 1.1520612 0.83627236 -0.45774987 0.036300838 0.27792108 -0.04502442 -0.3465474 -0.08780054 0.13940844 -0.07876873 -0.12348037 0.028670236 0.010849162
mgau 75
feat 0
density 	0 0.02352198 -0.648937 0.15416771 -0.14773601 0.12031055 0.027496018 -0.035321604 0.06924816 0.032397185 0.047943294 -0.01416983 -0.007571125 0.038364235
mgau 76
feat 0
density 	0 1.5897788 -1.9311169 0.40720335 -0.46717688 0.10724143 0.05064603 -0.022039477 0.109379336 0.038910247 0.054673646 -0.013262398 0.022069931 0.03609937
mgau 77
feat 0
density 	0 1.2023671 -1.5982094 0.30719373 -0.33861047 0.064543925 0.07413592 -0.078016445 0.101191245 0.031804744 0.076053865 -0.021643918 3.6193547E-4 0.05413023
mgau 78
feat 0
density 	0 -2.3464906 -0.23648186 0.018321697 -0.084379956 0.08851481 0.09029114 0.07276868 0.06790951 0.034514293 0.06029505 0.025488397 0.02579606 0.03396478
mgau 79
feat 0
density 	0 -2.4472973 -0.18223529 -0.16463964 -0.14395483 0.10288686 0.09713052 0.02344925 0.056333233 0.10761639 0.05323281 0.0021512494 0.041495718 0.040488895
mgau 80
feat 0
density 	0 -3.752043 -0.02063523 0.14738625 -0.20362924 0.15920633 0.1194905 0.10753205 0.038587358 0.02859266 0.054895774 0.040274583 0.060391765 0.036748294
mgau 81
feat 0
density 	0 -1.360087 -0.18120244 0.19754109 0.18004061 0.12836462 0.03731513 0.04777779 0.044454556 -0.022523133 -0.0084446985 0.006002905 0.0044160136 0.001388369
mgau 82
feat 0
density 	0 -3.7116039 -0.0842143 0.13023035 -0.21839556 0.13520119 0.13098237 0.092985824 0.04811591 0.030478854 0.06625831 0.050633993 0.071948335 0.035796385
mgau 83
feat 0
density 	0 2.0977478 -1.2331576 0.040155582 -0.09874867 -0.115626566 -0.031928405 -0.05150274 0.08158196 -0.028398855 -0.011498096 -0.017798442 0.019386806 0.034237865
mgau 84
feat 0
density 	0 -1.8222902 -0.5832545 0.1448028 -0.21407881 0.115141176 0.07406968 0.08137746 0.066441104 0.06788289 0.072201006 0.015941575 0.029540623 0.03329774
mgau 85
feat 0
density 	0 1.4546529 -1.0131127 -0.048478458 -0.1199283 -0.035283674 -0.084693305 0.006491029 0.04765776 0.0224194 0.040718872 0.005576374 0.0035930113 0.034122244
mgau 86
feat 0
density 	0 0.9269981 0.19365247 -0.27421522 -0.005348543 0.23045993 0.061782375 -0.13666408 -0.10800091 -0.027700616 0.03018439 -0.040796645 -0.026471442 -0.039817207
mgau 87
feat 0
density 	0 2.0695279 0.25095317 -0.15922624 0.6220361 0.20066997 -0.1381442 -0.20123875 -0.033693455 0.014634621 -0.19949713 -0.09956144 -0.07669504 -0.027257662
mgau 88
feat 0
density 	0 1.9112687 0.6117443 -0.21294408 0.48609474 0.21939497 -0.016389702 -0.19068824 -0.19503756 0.0073181223 -0.16572809 -0.0762543 -0.12347336 -0.090742975
mgau 89
feat 0
density 	0 0.09391892 0.96524614 0.21147291 -0.06876256 -0.002427313 0.121807344 0.10035389 -0.105054915 -0.15323153 -0.19534235 -0.012307829 -0.0434533 -0.093368374
mgau 90
feat 0
density 	0 2.2758164 0.7963694 -0.3596116 0.07788544 -0.08939417 -0.08819696 -0.24442498 -0.15457477 -0.019670038 0.040113505 0.031522222 -0.040156096 -0.07504603
mgau 91
feat 0
density 	0 -0.22649942 0.33309174 0.110341325 0.04962997 0.18628651 0.061037846 -0.045257963 -0.06288459 -0.042824212 -0.003775887 -1.5113765E-4 -0.012501815 -0.049393784
mgau 92
feat 0
density 	0 -1.0659862 -0.5094779 0.052142963 -0.0458582 0.1558936 0.068068855 0.03578851 0.04064961 0.05483988 0.032498628 0.002763426 0.019056762 0.022283088
mgau 93
feat 0
density 	0 -0.56361157 0.95855796 0.56024206 0.0578745 -0.12228075 -0.1895913 -0.03725244 -0.033990875 -0.0545572 -0.054216623 0.0014449173 -0.058512993 -0.05442793
mgau 94
feat 0
density 	0 1.5345484 1.2430682 0.33182767 -0.15561105 -0.6394846 -0.34661472 0.042776216 0.020895671 0.10024168 -0.0829629 -0.044853345 -0.042314284 -0.060223963
mgau 95
feat 0
density 	0 2.8318734 1.0466897 -0.20286192 -0.42193997 -0.6360615 0.004852668 0.24515308 -0.051777318 -0.01664963 -0.10454645 -0.042524006 0.1349509 -6.470941E-4
mgau 96
feat 0
density 	0 -0.22201546 -0.36664388 0.21542299 0.4303504 -0.050338846 0.084221095 0.0768045 0.0072259665 -0.012119544 -0.04379684 -0.0052504614 -0.023746794 -0.022466049
mgau 97
feat 0
density 	0 1.2919539 -0.16252983 0.24992353 0.92999357 -0.05232383 -0.077989735 0.093020916 0.011064553 -0.12290293 -0.11324261 -0.025717808 -0.07020216 -0.049111947
mgau 98
feat 0
density 	0 1.8665847 0.22636177 -0.10747712 0.7983312 0.22151798 -0.24429709 -0.10472857 0.0735753 -0.069869794 -0.26489443 -0.054591104 -0.030726548 -0.09890761
mgau 99
feat 0
density 	0 -2.4268336 -0.056786675 0.12355747 -0.06205023 0.24882065 0.060049463 0.038813077 0.015961282 0.057294473 0.01412823 0.0019725868 3.0151178E-4 0.027203785
mgau 100
feat 0
density 	0 0.974323 -0.8725684 0.75840545 0.023320392 0.31033003 0.11916146 -0.0521599 0.0014384633 -0.034016922 -0.0224087 -0.10989853 -0.0889529 -0.019205552
mgau 101
feat 0
density 	0 1.2440952 -1.5773407 0.6141401 -0.26359138 0.28322762 0.053188253 0.015961524 0.106423445 0.036679212 0.007303433 -0.05033228 0.017104384 0.023140306
