mgau 0
feat 0
density 	0 -0.9633773 0.0026278975 0.026051613 -0.069308676 0.019759813 -0.017144104 -0.012832764 -0.029486129 -0.041112352 -0.009642908 0.039492056 0.013400979 0.024284048
mgau 1
feat 0
density 	0 2.3465548 1.01498 -0.40923592 -0.55245614 -0.50358194 -0.01924912 0.12866245 0.025406877 -0.049976338 -0.012361211 0.091219015 0.07340353 -0.07563243
mgau 2
feat 0
density 	0 3.0591996 1.2491806 -0.6386073 -0.6682308 -0.35443774 0.034412753 -0.007839659 0.028574105 0.032155775 -0.050823763 0.041905474 0.09347748 -0.058154803
mgau 3
feat 0
density 	0 2.4532988 0.51794386 -0.61201745 -0.24248317 -0.2562015 0.031471696 0.00588908 0.041454505 0.067619145 0.14298461 -0.021012349 -0.12726651 -0.089254364
mgau 4
feat 0
density 	0 -0.14351659 0.3920018 0.020677226 0.061413735 0.08279737 -0.06210078 -0.011138684 -0.019358974 0.06814791 0.05185166 -0.029519202 -0.04368011 0.06486587
mgau 5
feat 0
density 	0 2.262465 0.96136016 -0.36507878 -0.05869876 0.041442927 -0.22670504 -0.08770535 -0.2166515 0.106740445 -0.037688594 -0.008758302 -0.09099332 0.018658021
mgau 6
feat 0
density 	0 0.53506166 0.19940278 -0.13506061 -0.05358731 -0.060134627 -0.016125701 -0.02252867 -0.0771341 -0.01972983 0.011485348 0.027727153 0.03638054 -0.016667906
mgau 7
feat 0
density 	0 2.9659495 0.5680848 -0.40284687 0.010183868 -0.17709665 -0.07540012 -0.15865685 -0.15975069 0.024177646 0.038370755 0.040645495 -0.03685191 -0.025309157
mgau 8
feat 0
density 	0 2.6366415 0.25668633 -0.120905526 0.36835015 -0.10943322 -0.24280415 -0.12162888 -0.07376874 -0.0500117 -0.08054318 -0.011166351 -0.040898234 -0.0039545456
mgau 9
feat 0
density 	0 0.10845129 0.18049319 0.05069711 -0.25043833 -0.07791221 -0.041843645 0.0929946 0.049083374 -0.0010332715 0.008912064 -0.027346654 -0.014452195 0.0015218647
mgau 10
feat 0
density 	0 1.3140073 1.4691266 0.49203017 0.01566984 -0.67203486 -0.423153 -0.009005733 -0.010004597 0.0047130072 -0.11466333 -0.056274135 -0.13701297 -0.11329777
mgau 11
feat 0
density 	0 1.8642143 1.5770704 0.0812398 -0.3849512 -0.5040118 -0.2326311 -0.03831007 0.05852086 0.04044676 -0.29459986 -0.123678125 0.0034704611 0.04853869
mgau 12
feat 0
density 	0 4.32437 0.8026365 -0.47426322 -0.29960322 -0.37716922 -0.07588579 -0.18056753 -0.18315154 -0.081309825 0.12396689 0.16951291 -0.056036387 -0.11507721
mgau 13
feat 0
density 	0 4.3444767 0.75801677 -0.60166013 -0.5176371 -0.47794074 0.013398241 0.005794934 -0.091685645 -0.024842449 0.15536235 0.10902136 -0.06437487 -0.11661448
mgau 14
feat 0
density 	0 0.102278486 0.22654417 -0.071223415 -0.28034526 -0.18467313 0.10200327 -0.03010254 -0.07375623 -0.028198503 0.044957515 0.0741368 0.026611753 0.032250278
mgau 15
feat 0
density 	0 1.6609482 0.47216922 -0.29242054 -0.26565808 -0.2151452 0.017927717 -0.0019409878 -0.064998075 0.0026635765 0.04211774 0.05178126 -0.010371158 -0.052230507
mgau 16
feat 0
density 	0 3.5040047 0.839148 -0.64164776 -0.527706 -0.3454242 0.118983954 0.0671367 -0.07865289 0.0124198655 0.120446995 0.034459792 -0.035169676 -0.13708808
mgau 17
feat 0
density 	0 3.1125398 0.5293395 -0.5194667 -0.042114425 -0.12275278 -0.18044284 -0.1906854 0.0057457592 0.12450153 0.072491795 -0.03776291 -0.056438476 -0.007727827
mgau 18
feat 0
density 	0 -3.2785225 0.0020572192 0.10644448 -0.21146879 0.19827822 0.15733504 0.06876653 0.05420409 0.053659763 0.07187695 0.051149715 0.042337548 0.04345621
mgau 19
feat 0
density 	0 -3.6881478 0.32139787 0.3032295 -0.16989923 0.2878683 0.22823316 0.16091086 0.04830045 0.015217926 0.047822483 0.0659285 0.091172025 0.017426832
mgau 20
feat 0
density 	0 0.7307307 -0.30674472 -0.10792435 -0.0258603 0.15858486 0.060425498 -0.059587598 0.0047277347 0.0022075588 3.6929757E-4 -0.022916961 0.003987985 -0.018898213
mgau 21
feat 0
density 	0 -3.5545342 -0.09824861 0.16838683 -0.16850379 0.15036814 0.1739173 0.09077923 0.021273915 0.040761933 0.03299837 0.05251972 0.065794855 0.032363016
mgau 22
feat 0
density 	0 1.4300535 -1.6880554 -0.14245752 0.021848463 -0.21446486 0.06797304 0.094117165 -0.024316544 0.056742974 0.028225606 -0.0015014327 0.0498058 0.018460566
mgau 23
feat 0
density 	0 0.9926152 -1.444117 -0.26715496 0.09437231 7.3785125E-4 -0.05396961 0.0330282 0.03699884 0.0789812 0.060331523 -0.02412048 0.033105575 0.054679055
mgau 24
feat 0
density 	0 -2.1083999 0.03495048 0.095883116 -0.10446828 0.1786185 0.07465858 0.035570182 0.032515712 0.028380327 0.05974912 -0.0010446067 0.010259384 0.02493525
mgau 25
feat 0
density 	0 -2.628188 0.14635532 0.18935901 0.050143138 0.3165404 0.095093235 0.10293005 0.04998649 0.02085383 0.023448844 -0.009632763 0.032678444 0.019161828
mgau 26
feat 0
density 	0 0.83735365 -0.66709536 0.026713908 -0.07969187 0.025526851 -0.0032605573 0.0071914406 0.0633045 -0.035204865 -0.006742716 -0.021870805 0.017117057 -0.004781087
mgau 27
feat 0
density 	0 -1.8709556 -0.14575739 0.110904075 0.028026897 0.087536424 -0.018573556 0.013651211 0.012484352 -0.028073043 0.011273918 0.025465788 0.02640497 0.023171702
mgau 28
feat 0
density 	0 1.9147044 0.09057377 -0.3316302 0.12532975 -0.124995396 -0.22628127 -0.18649936 0.009903025 0.0680749 0.03302774 0.0257142 -0.011063009 0.03606453
mgau 29
feat 0
density 	0 3.8032236 0.4748827 -0.49102074 -0.034147605 -0.17787352 -0.22867669 -0.23152263 -0.02720677 0.12262497 0.062189344 -0.007947169 -0.04389161 0.013950461
mgau 30
feat 0
density 	0 1.9472606 -0.7041748 -0.09399937 -0.03952426 -0.19584802 -0.023551058 0.023695404 -0.033691406 -0.02076624 0.010375331 -0.017777061 0.025422618 0.021641612
mgau 31
feat 0
density 	0 3.0467446 0.17360222 -0.36813828 0.17137454 0.0044814325 -0.12299697 -0.19690824 -0.1192249 -0.0075897486 -0.02779219 -0.049703244 -0.029574573 -0.021202588
mgau 32
feat 0
density 	0 2.7195704 1.3013148 -0.5646827 -0.16841175 0.12563108 0.18248643 -0.44475776 -0.3790048 0.10506443 -0.019914402 -0.13959356 -0.02899214 0.0045454996
mgau 33
feat 0
density 	0 0.35164478 -0.04271024 -0.042118236 0.26137656 -0.026357925 -0.16273658 -0.07333029 0.0049520144 -0.042289328 -0.032905858 0.0022526805 0.011571548 0.007373853
mgau 34
feat 0
density 	0 3.0494354 0.2417706 -0.11242079 0.5916423 -0.19510064 -0.34307367 -0.17365174 -0.05993229 -0.1194266 -0.12531394 -0.024961477 -0.021300968 -0.00572281
mgau 35
feat 0
density 	0 1.0617154 0.06594152 0.21577068 0.7248936 -0.060210396 -0.19502579 -0.017424393 -0.014220989 -0.16516007 -0.14371358 -0.03402947 -0.09398967 -0.039058074
mgau 36
feat 0
density 	0 -1.5614494 -0.28118655 0.016502393 -0.1013979 0.135059 0.086673744 0.059808146 0.037354067 0.03342093 0.06496432 0.019825904 0.024183009 0.008857396
mgau 37
feat 0
density 	0 0.3043707 -1.2533734 -0.13683641 -0.1931639 0.110335395 0.049385283 0.068635404 0.027680228 0.038372032 0.06037042 0.022039179 0.025166491 0.02280537
mgau 38
feat 0
density 	0 0.6238244 -0.78288674 -0.15773071 -0.2530133 0.018368622 0.04040494 0.07362286 0.019415088 0.010419355 0.0498562 0.018065603 0.012941532 0.009342154
mgau 39
feat 0
density 	0 -0.7730929 -0.32156146 0.05995797 -0.0073874043 0.009511492 0.08990842 0.008980288 9.130503E-5 0.035784394 -0.020711673 -0.01830991 4.5740503E-6 0.0129986685
mgau 40
feat 0
density 	0 0.4452864 -0.32274023 -0.16457689 0.0251497 0.18911272 0.044344604 -0.103265375 0.030667577 -8.8629295E-4 -0.0042551868 -0.012731202 0.01068294 -0.021000508
mgau 41
feat 0
density 	0 4.8593273 0.33086202 -0.25382397 0.43872958 0.097832024 -0.20496635 -0.48423925 -0.15645383 -0.049444865 -0.17469285 -0.04992888 -0.09170234 -0.053336944
mgau 42
feat 0
density 	0 -2.1664565 -0.1559033 0.009176066 -0.08048256 0.0823474 0.08884968 0.06807321 0.03474306 0.034542844 0.008735322 0.01846996 0.037674915 0.019398885
mgau 43
feat 0
density 	0 -1.5124645 0.41009566 0.28374326 -0.031303 0.037955064 0.06821853 0.095980726 0.012381883 -0.053152524 -0.062250525 0.02045093 -0.0012365818 -0.004543033
mgau 44
feat 0
density 	0 -0.73247373 0.98077697 0.57571286 0.042436544 -0.13891806 -0.153242 0.049493257 0.042480715 -0.03094101 -0.095115975 -0.035891876 -0.08407609 -0.0771188
mgau 45
feat 0
density 	0 -0.31056538 -0.6398356 0.15694866 -0.019984283 0.068174616 0.020930147 -0.029949833 0.060845405 0.016112734 0.034255687 -0.0061671226 0.0029653783 0.04224029
mgau 46
feat 0
density 	0 2.8543038 0.38756722 -0.070015825 0.4691447 -0.018469881 -0.13834155 -0.23916937 -0.13975279 -0.09475769 -0.08262462 -0.07991271 -0.10206677 -0.010657246
mgau 47
feat 0
density 	0 3.0250552 0.602211 -0.35005736 0.48699084 -0.020095078 -0.23959145 -0.32286596 -0.092513844 -0.035070054 -0.14165741 -0.052311514 -0.051219337 0.004112701
mgau 48
feat 0
density 	0 0.3278153 -0.30265832 0.21101283 0.3948228 0.060269073 -0.04812097 0.03740259 0.0325918 -0.07872351 -0.06493374 -0.03707436 -0.029461307 -0.03656715
mgau 49
feat 0
density 	0 2.0230033 -0.044971135 0.16600637 0.8681845 -0.10687588 -0.1409531 0.033953823 -0.030248376 -0.107112005 -0.17036687 -0.047816053 -0.080355786 -0.08821727
mgau 50
feat 0
density 	0 1.5081501 -0.20617689 0.37580785 0.8306619 -0.142908 -0.069390185 0.11953812 -0.056899376 -0.11694461 -0.09180731 -0.056856178 -0.07003117 -0.08490403
mgau 51
feat 0
density 	0 -3.2293417 0.009309582 0.18703236 -0.10749985 0.21110469 0.15601334 0.09726921 0.046077266 0.0511374 0.043815777 0.030284122 0.04634047 0.025643935
mgau 52
feat 0
density 	0 1.1637431 -1.3474867 -0.19232327 -0.020657279 -0.21637616 0.092116706 0.13827755 -0.04058125 0.053890854 0.053169362 -0.01810968 0.03553507 0.0021117681
mgau 53
feat 0
density 	0 2.2030535 -2.0468297 -0.0038474381 0.295831 -0.06695055 -0.028413245 0.120904416 0.029281642 0.03754465 0.038277555 -0.026252726 0.018591573 0.02051846
mgau 54
feat 0
density 	0 0.04841947 0.118332945 -0.022618419 0.3999131 0.15883991 -0.068295866 -0.21347138 0.07975428 0.0032174713 -0.15955004 -0.0071540666 -0.0077242036 -0.012035349
mgau 55
feat 0
density 	0 -3.8011808 0.019956945 0.13102722 -0.16690971 0.18160178 0.11169613 0.07979535 0.040777277 0.025494458 0.035491575 0.046803743 0.06749012 0.038176414
mgau 56
feat 0
density 	0 1.2513622 -0.7250523 -0.32745975 -0.31020454 0.030289065 0.07991438 -0.09140644 0.0053410437 -0.018776026 0.083793744 0.018361231 -0.012243593 0.046007633
mgau 57
feat 0
density 	0 3.6061041 0.67572623 -0.37062213 -0.4647019 -0.3017151 0.09656512 -0.09094357 -0.17552814 -0.007053327 0.1369538 0.120294884 -0.071932405 -0.1162082
mgau 58
feat 0
density 	0 2.1879194 1.0253905 0.20014188 -0.47534597 -0.6488156 0.0013643029 0.095141694 -0.075164296 -0.07398978 -0.07493744 0.0089420155 0.0040817806 0.011337102
mgau 59
feat 0
density 	0 -0.25992358 0.6858014 0.30291054 -0.31677178 -0.28162172 0.111636974 0.07259709 -0.06377622 -0.033038594 -0.04966445 0.0017189239 0.005410073 0.0068209013
mgau 60
feat 0
density 	0 3.8763585 0.27567935 -0.43277034 -0.06854334 -0.10661484 -0.16867495 -0.13921846 -0.0038596261 0.14752206 0.05214757 -0.048893142 0.012998126 0.034076966
mgau 61
feat 0
density 	0 2.723238 0.7796304 -0.3790229 -0.22291233 -0.0033525876 0.031705167 -0.10323183 -0.18808241 0.072312154 0.076901734 -0.026497515 0.008633636 -0.06735124
mgau 62
feat 0
density 	0 -0.08112982 0.51601857 -0.030852245 0.021396184 0.33856484 0.17257512 0.030798685 0.024197869 -0.07415756 -0.117294654 0.08000814 -0.016810287 -0.06471735
mgau 63
feat 0
density 	0 1.1227154 0.4407795 -0.054696146 0.22448272 0.04703864 -0.08774909 -0.058552846 0.0154705215 4.0370066E-4 -0.04417226 -0.012975807 -0.077069476 0.024043016
mgau 64
feat 0
density 	0 -0.32406712 0.52755284 0.1503074 0.22517052 0.28171685 -0.105998985 0.07288766 0.13652544 -0.17040505 -0.004732594 -0.017396806 -0.10092987 0.03912115
mgau 65
feat 0
density 	0 -1.494341 0.19103928 0.1498558 0.07934811 0.22710145 0.021693174 0.062148612 0.0994559 -0.025738738 0.02406408 -0.005518515 -0.054399148 0.026661882
mgau 66
feat 0
density 	0 -0.14303572 0.22324035 -0.123120114 -0.13973616 -0.053152822 0.030364504 -0.04323096 -0.067295924 -0.036214404 0.047893357 0.06753258 0.030843746 -2.686971E-4
mgau 67
feat 0
density 	0 2.8487868 1.0364593 -0.13640998 -0.21913874 -0.45235893 -0.047929786 0.019684298 -0.13652994 -0.15298416 -0.08281708 0.03416154 0.02197871 -0.012606807
mgau 68
feat 0
density 	0 0.79519 1.0738655 0.22401509 -0.17239879 -0.39879918 -0.053291153 0.1179855 -0.03070948 -0.1355811 -0.13305598 -0.03663709 -0.01934302 -0.0027505723
mgau 69
feat 0
density 	0 -2.6166823 -0.04294962 -0.051586434 -0.20940109 0.13871843 0.10118352 0.040451635 0.07248612 0.06532575 0.03675191 0.04400532 0.058078986 0.0269939
mgau 70
feat 0
density 	0 -1.3886108 -0.18847433 -0.03917509 -0.13567041 0.16542175 0.05145463 -0.013982335 0.0119964825 0.040016357 0.042497545 0.022684393 0.044356234 0.032930914
mgau 71
feat 0
density 	0 2.1287353 -0.6843513 -0.12155597 0.050478216 -0.12556069 -0.045263972 -0.015422434 0.06627446 -0.048051372 0.026092602 -0.027328067 -0.029696165 0.0027412875
mgau 72
feat 0
density 	0 0.9060934 1.2308968 -0.2734286 -0.5458645 0.03373249 0.19783871 -0.16381292 -0.18512674 0.046855867 -0.036681093 -0.0488974 0.029374503 0.01844254
mgau 73
feat 0
density 	0 1.7087252 1.4321698 -0.45997828 -0.4780161 0.18284987 0.2199551 -0.35686395 -0.33954632 0.109063104 0.013697107 -0.09685929 -0.022779886 0.026443325
mgau 74
feat 0
density 	0 0.7214654 0.8068599 -0.43065923 -0.08832921 0.26284373 0.015578876 -0.3012757 -0.095334515 0.16087265 -0.029841078 -0.10780705 0.02817986 0.015026095
mgau 75
feat 0
density 	0 -0.09534868 -0.64636594 0.12342579 -0.16756 0.11780764 0.03147605 -0.036523994 0.067900516 0.039944105 0.05196171 -0.011623114 -0.0014252649 0.039946925
mgau 76
feat 0
density 	0 1.5900731 -1.9288001 0.40893048 -0.46643585 0.10938494 0.046492424 -0.020402 0.11060655 0.038082633 0.052413154 -0.013408665 0.022515118 0.03727084
mgau 77
feat 0
density 	0 1.0572362 -1.5122801 0.26417896 -0.33113283 0.053849068 0.08701339 -0.07170377 0.088315 0.037491143 0.0729796 -0.017596003 5.515865E-4 0.046313
mgau 78
feat 0
density 	0 -2.3712177 -0.22962874 0.003957351 -0.088685445 0.08385379 0.08708514 0.07416455 0.06370077 0.0373056 0.054903205 0.025401536 0.02831423 0.032463573
mgau 79
feat 0
density 	0 -2.4979613 -0.16993658 -0.16282563 -0.14042939 0.10184974 0.096036054 0.0235031 0.05499042 0.1076822 0.048704773 0.0022116804 0.043216687 0.04000517
mgau 80
feat 0
density 	0 -3.7657967 -0.01869963 0.14678697 -0.2055248 0.15849656 0.120436765 0.10730126 0.038580637 0.028784722 0.055414896 0.040262006 0.060870633 0.036819067
mgau 81
feat 0
density 	0 -1.3751584 -0.23986363 0.17331778 0.1679519 0.1280792 0.03706967 0.038069032 0.053254128 -0.012035234 0.0012948272 0.0033390746 0.0041987137 0.008971031
mgau 82
feat 0
density 	0 -3.7457135 -0.065138504 0.13068879 -0.22016324 0.13658062 0.133459 0.09569439 0.046552595 0.032988224 0.06542786 0.049298756 0.07099468 0.035814174
mgau 83
feat 0
density 	0 2.019631 -1.2124877 0.039000284 -0.099551074 -0.11068652 -0.028255414 -0.05286414 0.080875754 -0.026949035 -0.01188648 -0.01780387 0.019659113 0.03337576
mgau 84
feat 0
density 	0 -1.8666075 -0.58643216 0.13499235 -0.22199284 0.11237708 0.07578245 0.081390925 0.06674893 0.069827944 0.07586683 0.017121647 0.03059671 0.03290607
mgau 85
feat 0
density 	0 1.5065625 -1.015242 -0.020631842 -0.12972516 -0.0427782 -0.08233661 0.015225781 0.044130392 0.017748863 0.041744296 0.0025806492 6.373984E-4 0.0334155
mgau 86
feat 0
density 	0 0.877415 -0.073877856 -0.26676497 0.0011314938 0.19971739 0.017126868 -0.113062784 -0.05341492 -0.0059563885 0.036103595 -0.013905957 -0.009755358 -0.026570998
mgau 87
feat 0
density 	0 1.9730127 0.2668468 -0.15722744 0.60158724 0.22544172 -0.12914242 -0.19966741 -0.035439834 0.022877946 -0.19953223 -0.10892786 -0.077673465 -0.03026437
mgau 88
feat 0
density 	0 1.9259075 0.6134853 -0.20856687 0.47901195 0.21060272 -0.012808329 -0.18752171 -0.19356327 -0.0038682679 -0.16237426 -0.06972488 -0.12196614 -0.0916874
mgau 89
feat 0
density 	0 0.24440883 0.92169774 0.18242845 -0.015809208 0.021141559 0.11896097 0.07854825 -0.112266876 -0.14266111 -0.19013736 -0.013053807 -0.049288973 -0.09999373
mgau 90
feat 0
density 	0 1.9713717 0.72253287 -0.32111546 0.078847766 -0.06495145 -0.11134888 -0.21229404 -0.123880364 -0.012290895 0.040582366 0.025433397 -0.033682596 -0.068675265
mgau 91
feat 0
density 	0 -0.26602462 0.32595092 0.09346355 0.051211897 0.18857096 0.061879773 -0.04546557 -0.063922085 -0.03760916 -0.0016832782 -0.0010496218 -0.010679468 -0.04489097
mgau 92
feat 0
density 	0 -0.977955 -0.5380976 0.05530493 -0.045448925 0.14866196 0.06956621 0.03506708 0.041088123 0.05012897 0.03755582 0.003937688 0.012935712 0.023613347
mgau 93
feat 0
density 	0 -0.36010164 0.94831645 0.5236744 0.045089893 -0.15799442 -0.20949662 -0.040739898 -0.03040838 -0.039258108 -0.050251428 0.008452187 -0.051738262 -0.05691924
mgau 94
feat 0
density 	0 1.6591237 1.2383281 0.28524882 -0.20736228 -0.6675246 -0.31051934 0.07041547 0.034361046 0.10936942 -0.09246582 -0.06517043 -0.03821085 -0.049188204
mgau 95
feat 0
density 	0 2.802878 1.0714939 -0.16712785 -0.423047 -0.67276454 -0.028031789 0.25798902 -0.019359037 -0.01624648 -0.12313618 -0.057847224 0.12935738 0.020752275
mgau 96
feat 0
density 	0 -0.24420768 -0.3411102 0.22814594 0.43571606 -0.023182739 0.08186759 0.06776845 0.006037428 -0.017661037 -0.03974903 -0.0080536 -0.024533212 -0.022308743
mgau 97
feat 0
density 	0 1.3734374 -0.14952764 0.25036094 0.9449754 -0.059723817 -0.07778295 0.08977323 0.0036016335 -0.11702287 -0.12455649 -0.030239508 -0.07286955 -0.05487597
mgau 98
feat 0
density 	0 2.0120525 0.21001428 -0.090989985 0.82606167 0.1875871 -0.25393537 -0.09478671 0.06535041 -0.080418855 -0.266042 -0.04694686 -0.032548998 -0.10218738
mgau 99
feat 0
density 	0 -2.4384017 -0.025509316 0.10979773 -0.06536649 0.22370873 0.052506573 0.043259766 0.02149461 0.054973565 0.018841555 -9.8822165E-5 0.0045384304 0.026151562
mgau 100
feat 0
density 	0 0.90172666 -0.86494696 0.7577486 0.022797808 0.33640015 0.120293744 -0.0501438 -0.0016608933 -0.0328292 -0.015658943 -0.11682009 -0.088306025 -0.011679995
mgau 101
feat 0
density 	0 1.141352 -1.5650743 0.60229033 -0.27428538 0.2855902 0.0506248 0.021107027 0.09972395 0.044079106 0.010077683 -0.043273143 0.016663466 0.024504812