tmat 34 4
tmat [0]
1466.8998 261.0 0.0 0.0
0.0 1199.2222 261.0 0.0
0.0 0.0 3015.4092 261.0
tmat [1]
56.274418 12.0 0.0 0.0
0.0 20.888317 12.0 0.0
0.0 0.0 25.728489 12.0
tmat [2]
2101.843 912.9999 0.0 0.0
0.0 1310.4806 912.9999 0.0
0.0 0.0 3872.4048 912.9999
tmat [3]
253.6285 203.00005 0.0 0.0
0.0 1036.7279 203.00005 0.0
0.0 0.0 897.6908 203.00005
tmat [4]
233.56563 68.00003 0.0 0.0
0.0 890.9967 68.00003 0.0
0.0 0.0 707.50635 68.00003
tmat [5]
2777.027 587.00024 0.0 0.0
0.0 4926.5664 587.00024 0.0
0.0 0.0 2735.8877 587.00024
tmat [6]
1827.1294 261.0 0.0 0.0
0.0 335.87933 261.0 0.0
0.0 0.0 261.64246 261.0
tmat [7]
575.3991 150.00002 0.0 0.0
0.0 658.40674 150.00002 0.0
0.0 0.0 1266.4342 150.00002
tmat [8]
1268.3105 245.00005 0.0 0.0
0.0 517.2975 245.00005 0.0
0.0 0.0 349.27322 245.00005
tmat [9]
4951.705 1025.0005 0.0 0.0
0.0 2837.2705 1025.0005 0.0
0.0 0.0 5189.481 1025.0005
tmat [10]
333.801 149.00008 0.0 0.0
0.0 433.38135 149.00008 0.0
0.0 0.0 1159.301 149.00008
tmat [11]
3156.3296 472.99994 0.0 0.0
0.0 4324.5513 472.99994 0.0
0.0 0.0 1443.54 472.99994
tmat [12]
2904.1582 572.0001 0.0 0.0
0.0 2906.9348 572.0001 0.0
0.0 0.0 659.46655 572.0001
tmat [13]
139.13953 14.000001 0.0 0.0
0.0 91.50518 14.000001 0.0
0.0 0.0 33.994576 14.000001
tmat [14]
1692.8 304.0 0.0 0.0
0.0 268.26306 304.0 0.0
0.0 0.0 269.39688 304.0
tmat [15]
500.89014 379.0 0.0 0.0
0.0 399.60025 379.0 0.0
0.0 0.0 1002.695 379.0
tmat [16]
3465.0032 1551.9998 0.0 0.0
0.0 1926.5822 1551.9998 0.0
0.0 0.0 13659.963 1551.9998
tmat [17]
1314.7198 170.0 0.0 0.0
0.0 404.311 170.0 0.0
0.0 0.0 675.32654 170.0
tmat [18]
692.2275 379.0 0.0 0.0
0.0 1370.2412 379.0 0.0
0.0 0.0 784.12463 379.0
tmat [19]
693.7065 243.00003 0.0 0.0
0.0 1241.35 243.00003 0.0
0.0 0.0 1136.7177 243.00003
tmat [20]
386.78207 100.99999 0.0 0.0
0.0 278.06818 100.99999 0.0
0.0 0.0 919.536 100.99999
tmat [21]
1671.0364 1177.0005 0.0 0.0
0.0 3162.941 1177.0005 0.0
0.0 0.0 3026.501 1177.0005
tmat [22]
2309.9998 292.99994 0.0 0.0
0.0 2888.2366 292.99994 0.0
0.0 0.0 1302.6039 292.99994
tmat [23]
1200.2416 152.0 0.0 0.0
0.0 365.63416 152.0 0.0
0.0 0.0 407.24313 152.0
tmat [24]
1212.66 725.0 0.0 0.0
0.0 1415.9238 725.0 0.0
0.0 0.0 1304.725 725.0
tmat [25]
4761.668 1012.00055 0.0 0.0
0.0 6322.326 1012.00055 0.0
0.0 0.0 1711.2905 1012.00055
tmat [26]
8450.757 1895.9998 0.0 0.0
0.0 11862.357 1895.9998 0.0
0.0 0.0 24847.916 1895.9998
tmat [27]
1909.3301 1040.0007 0.0 0.0
0.0 4465.071 1040.0007 0.0
0.0 0.0 4376.4375 1040.0007
tmat [28]
1892.9509 201.99998 0.0 0.0
0.0 559.1842 201.99998 0.0
0.0 0.0 293.15955 201.99998
tmat [29]
906.5063 477.0001 0.0 0.0
0.0 1977.7375 477.0001 0.0
0.0 0.0 2148.3713 477.0001
tmat [30]
804.28204 457.0 0.0 0.0
0.0 512.47046 457.0 0.0
0.0 0.0 1805.8755 457.0
tmat [31]
1148.3512 394.99997 0.0 0.0
0.0 872.2509 394.99997 0.0
0.0 0.0 1059.0717 394.99997
tmat [32]
1322.2856 231.99998 0.0 0.0
0.0 808.3163 231.99998 0.0
0.0 0.0 482.73676 231.99998
tmat [33]
538.4419 90.00001 0.0 0.0
0.0 279.099 90.00001 0.0
0.0 0.0 433.71338 90.00001
