param 102 1 1
mgau 0
feat 0
density 	0 8.0763 0.40116146 0.13123152 0.23425928 0.084447145 0.06638692 0.064648256 0.03707371 0.039288156 0.04324986 0.02470739 0.024889799 0.023475232
mgau 1
feat 0
density 	0 4.1259155 0.22056621 0.14917113 0.07584004 0.07458535 0.042281866 0.049392294 0.03754171 0.025764825 0.035405073 0.026859973 0.03231536 0.029013185
mgau 2
feat 0
density 	0 1.1686614 0.12713794 0.11319446 0.08219078 0.1130171 0.060970467 0.09594717 0.07157609 0.037439167 0.032951012 0.028875446 0.033514835 0.027217364
mgau 3
feat 0
density 	0 1.8244711 0.23617184 0.123434804 0.06720156 0.066474386 0.035681546 0.03781513 0.067248575 0.03164309 0.015543815 0.016671306 0.018755555 0.011832917
mgau 4
feat 0
density 	0 2.59606 0.24104396 0.18101873 0.061003722 0.06581392 0.032817833 0.037614398 0.021396117 0.037074547 0.025791481 0.011356606 0.01412918 0.02594168
mgau 5
feat 0
density 	0 1.7886513 0.11791461 0.117229596 0.06674812 0.07003456 0.05980284 0.048557155 0.09322433 0.04412086 0.019452285 0.022400022 0.031318933 0.019404331
mgau 6
feat 0
density 	0 8.532304 0.4311208 0.14875223 0.16658008 0.083284706 0.065161265 0.0536071 0.041068193 0.033081017 0.027340295 0.022172293 0.021862255 0.025007926
mgau 7
feat 0
density 	0 2.442894 0.18469322 0.11399753 0.13350216 0.06463328 0.055742297 0.048389763 0.03908432 0.03550811 0.032047473 0.026412098 0.024033833 0.024255294
mgau 8
feat 0
density 	0 2.0011532 0.15818757 0.11227668 0.11069737 0.058115546 0.050677735 0.04115241 0.028436715 0.031240575 0.032436453 0.017704878 0.01811767 0.019614303
mgau 9
feat 0
density 	0 1.4248095 0.5767328 0.13210514 0.050261006 0.03422238 0.030518087 0.019923111 0.012604699 0.012680001 0.011445627 0.009947874 0.012778114 0.0104868235
mgau 10
feat 0
density 	0 1.1743261 0.09106264 0.09443023 0.09829251 0.06219337 0.06142389 0.036427226 0.03362201 0.025481468 0.02785054 0.022068081 0.019398466 0.026663424
mgau 11
feat 0
density 	0 1.3231286 0.08974689 0.12559429 0.08954452 0.062057316 0.08918458 0.043512918 0.05904569 0.049204726 0.03895213 0.048278466 0.032663535 0.030604636
mgau 12
feat 0
density 	0 2.6209586 0.17863284 0.17721772 0.100461304 0.064026386 0.033097543 0.042750105 0.046354104 0.040036716 0.055331606 0.03342199 0.027222563 0.021341903
mgau 13
feat 0
density 	0 0.94671935 0.14696077 0.14359088 0.067524806 0.067646556 0.044486143 0.045120914 0.0343839 0.034416914 0.028244285 0.03866379 0.03172881 0.027010536
mgau 14
feat 0
density 	0 9.387108 0.54193187 0.11046782 0.049448777 0.110531494 0.02986309 0.029862886 0.035148956 0.040189095 0.02234285 0.020940704 0.023715032 0.016124578
mgau 15
feat 0
density 	0 7.198366 0.37092003 0.18213342 0.18842581 0.10892088 0.06406275 0.054675125 0.036834832 0.04049905 0.039462123 0.026261205 0.029881556 0.025750676
mgau 16
feat 0
density 	0 1.2590373 0.1159905 0.10437283 0.071954645 0.07670742 0.036392707 0.039677262 0.032204907 0.034668356 0.02932475 0.029754795 0.032536022 0.028798725
mgau 17
feat 0
density 	0 1.4261326 0.12296801 0.108101726 0.115367584 0.040943284 0.045886714 0.035549957 0.03858012 0.027576458 0.031248935 0.022681817 0.018679576 0.023306187
mgau 18
feat 0
density 	0 2.4852707 0.28125793 0.08160491 0.08420804 0.038961273 0.026487099 0.02325692 0.01793115 0.021541204 0.020404123 0.015145119 0.015079152 0.015150661
mgau 19
feat 0
density 	0 1.5024316 0.22754613 0.060013644 0.0564394 0.035392627 0.018520007 0.020764247 0.018696701 0.021672022 0.02118947 0.014603889 0.01399046 0.012653451
mgau 20
feat 0
density 	0 4.1877484 0.40751803 0.08273645 0.1380475 0.05478282 0.03267784 0.03761969 0.025609419 0.023574453 0.025541572 0.016991856 0.015993847 0.01729174
mgau 21
feat 0
density 	0 1.5185165 0.21885279 0.072982416 0.08585754 0.04146248 0.024526725 0.01974016 0.016337488 0.01510248 0.01579046 0.010258964 0.012229643 0.011803493
mgau 22
feat 0
density 	0 1.9492329 0.4626645 0.13696572 0.070916414 0.040886078 0.036407966 0.028491741 0.019791186 0.014914831 0.020048268 0.01184606 0.009828659 0.011579434
mgau 23
feat 0
density 	0 4.5533733 0.6770428 0.10321123 0.08689367 0.04354005 0.033563763 0.028624216 0.019673439 0.01838542 0.018237563 0.014284077 0.012487583 0.013074564
mgau 24
feat 0
density 	0 4.7249713 0.32192138 0.10621336 0.17150709 0.06745916 0.0401944 0.032631833 0.026053283 0.025830964 0.02822702 0.017783852 0.019191239 0.01935041
mgau 25
feat 0
density 	0 4.812434 0.21438245 0.12978987 0.17034598 0.064924344 0.04925337 0.032863837 0.02115623 0.021659 0.022212068 0.016383901 0.01705648 0.01580256
mgau 26
feat 0
density 	0 6.743555 0.52967614 0.13981865 0.16179797 0.07162062 0.045847874 0.03567622 0.026268093 0.024961824 0.02360316 0.017895915 0.01665074 0.016859328
mgau 27
feat 0
density 	0 5.5282407 0.25736845 0.1039885 0.15801674 0.05208149 0.05740759 0.03872567 0.029343639 0.032563757 0.028167041 0.018719798 0.01898142 0.018231316
mgau 28
feat 0
density 	0 7.6278863 0.31964508 0.1387619 0.108543545 0.07204546 0.053823482 0.048783623 0.044872448 0.031108273 0.029062016 0.021269472 0.020364782 0.019614518
mgau 29
feat 0
density 	0 1.5291297 0.12876074 0.08909735 0.08859431 0.045811277 0.038051184 0.032726545 0.043604918 0.025792498 0.02716963 0.022644138 0.020594966 0.019289263
mgau 30
feat 0
density 	0 8.042442 0.76346695 0.18883626 0.07144163 0.08118923 0.03604849 0.033341292 0.035760656 0.020866051 0.020863933 0.019272136 0.01776121 0.01721324
mgau 31
feat 0
density 	0 1.3526441 1.1599498 0.114894256 0.06657885 0.052412782 0.03564821 0.047694206 0.0549019 0.021438494 0.019973423 0.016798211 0.013525314 0.015198006
mgau 32
feat 0
density 	0 1.410008 0.14489755 0.09134724 0.12723976 0.047637887 0.06397146 0.050544266 0.08888873 0.027771942 0.027762813 0.02371684 0.020170037 0.01718333
mgau 33
feat 0
density 	0 8.676988 0.30738238 0.13126037 0.1683931 0.0696925 0.065784775 0.05480274 0.03168421 0.028449817 0.029401582 0.019403243 0.016957493 0.015806716
mgau 34
feat 0
density 	0 1.2820598 0.11648027 0.11459341 0.09173278 0.06807796 0.031868625 0.038919725 0.025021644 0.025333485 0.033006337 0.018338481 0.014090216 0.016767584
mgau 35
feat 0
density 	0 2.3459036 0.13713779 0.10094539 0.08265985 0.07426852 0.043042153 0.03578189 0.02862045 0.030104578 0.034640763 0.017265012 0.015343363 0.023084687
mgau 36
feat 0
density 	0 5.217608 0.35651055 0.09208421 0.1067767 0.038275924 0.031192604 0.02863135 0.022301937 0.020658202 0.022213297 0.014597808 0.015805887 0.013918236
mgau 37
feat 0
density 	0 1.3954962 0.1345741 0.06099777 0.041264277 0.026542637 0.017748838 0.016504854 0.014316586 0.01321406 0.012411683 0.010800908 0.009694837 0.009291997
mgau 38
feat 0
density 	0 1.7535725 0.53012437 0.0698398 0.048756722 0.041286413 0.019817065 0.018915066 0.01610275 0.015627267 0.014229931 0.011775403 0.011529517 0.011221565
mgau 39
feat 0
density 	0 3.8131564 0.26862004 0.0734362 0.03700699 0.04276712 0.031026343 0.015064134 0.018043486 0.023426896 0.015112464 0.013692136 0.010718173 0.009710707
mgau 40
feat 0
density 	0 7.3835845 0.6293588 0.21444954 0.06978197 0.068635516 0.04853102 0.049207635 0.034838535 0.023253394 0.034382965 0.023860466 0.01375937 0.01685412
mgau 41
feat 0
density 	0 3.5549822 0.17841905 0.15936558 0.05283105 0.06849319 0.046845563 0.019455018 0.0581597 0.019383514 0.035564903 0.0179194 0.013017751 0.019811217
mgau 42
feat 0
density 	0 3.7940907 0.34632733 0.13783789 0.07531435 0.040306605 0.029514143 0.031535774 0.024006283 0.02087561 0.024828093 0.015220205 0.013237145 0.015590142
mgau 43
feat 0
density 	0 5.2435694 0.41733313 0.12247034 0.09125899 0.06324356 0.03932924 0.04412173 0.028722031 0.030516304 0.045506198 0.0198287 0.021238428 0.02462501
mgau 44
feat 0
density 	0 1.9814252 0.20530887 0.10175251 0.052667912 0.053265683 0.031701136 0.028324237 0.023857005 0.020681748 0.03343945 0.022722801 0.020082148 0.019885952
mgau 45
feat 0
density 	0 6.6133227 0.4544502 0.101118475 0.130692 0.04700275 0.044108283 0.032484975 0.022490704 0.02114483 0.021537721 0.018539103 0.01798098 0.0141560845
mgau 46
feat 0
density 	0 1.1434271 0.25636798 0.13831466 0.09792527 0.040162746 0.034462634 0.026830932 0.031035235 0.019453617 0.019782653 0.015247782 0.020464579 0.016355999
mgau 47
feat 0
density 	0 1.2562733 0.18007591 0.10382053 0.114730686 0.06004552 0.037629258 0.038162477 0.046926554 0.029192388 0.038431186 0.017109627 0.01757227 0.0234578
mgau 48
feat 0
density 	0 5.5431256 0.26280198 0.1070159 0.21242628 0.05855887 0.045077275 0.034325186 0.024180463 0.02427826 0.027329938 0.020323735 0.01605524 0.017816976
mgau 49
feat 0
density 	0 1.4634268 0.15361321 0.11113254 0.06801694 0.06016527 0.04204222 0.036513325 0.02519003 0.031392448 0.0319029 0.019494059 0.015396733 0.022618558
mgau 50
feat 0
density 	0 1.3561398 0.12850757 0.09911585 0.06278764 0.050642043 0.043100715 0.026308509 0.026191562 0.024661535 0.028114399 0.016675815 0.01724753 0.028228924
mgau 51
feat 0
density 	0 2.4099197 0.24602637 0.09749126 0.11661622 0.048427165 0.032199137 0.024021117 0.016392985 0.017600577 0.018716643 0.015719162 0.01315941 0.015825454
mgau 52
feat 0
density 	0 2.1565685 0.5285399 0.15059936 0.076370016 0.041340776 0.033003848 0.02840614 0.018360468 0.01681281 0.017973414 0.010931223 0.009074318 0.012272323
mgau 53
feat 0
density 	0 0.84370667 0.42615673 0.124177165 0.09795537 0.0457989 0.02714239 0.026735144 0.017296204 0.017126378 0.022898255 0.013957129 0.012035034 0.01266573
mgau 54
feat 0
density 	0 4.357113 0.29759347 0.16391614 0.14127788 0.056636903 0.0642683 0.07199618 0.032868937 0.049544558 0.049517903 0.019367022 0.021144448 0.022336528
mgau 55
feat 0
density 	0 1.2563373 0.19160165 0.06467882 0.05815699 0.026985642 0.02138546 0.022036782 0.019673511 0.015190152 0.015848013 0.011110756 0.011534922 0.0113500925
mgau 56
feat 0
density 	0 2.4572823 0.4131272 0.14730375 0.12713127 0.084009975 0.042479374 0.03475153 0.030298883 0.023807472 0.017757647 0.015821815 0.013242396 0.011693721
mgau 57
feat 0
density 	0 1.6267501 0.13062912 0.10616106 0.13805969 0.05594478 0.03917363 0.035607982 0.026088987 0.036419515 0.021627327 0.027819505 0.0188294 0.016543202
mgau 58
feat 0
density 	0 2.01673 0.14748684 0.16312319 0.12028218 0.084263206 0.053642858 0.033278763 0.03323829 0.036872514 0.027173532 0.031024862 0.028190117 0.024033966
mgau 59
feat 0
density 	0 4.8798876 0.30591258 0.14309628 0.12601173 0.16220224 0.05896224 0.04812769 0.04646198 0.04115159 0.03500797 0.03455318 0.029841201 0.027016181
mgau 60
feat 0
density 	0 1.4380969 0.12825 0.075798824 0.06052943 0.04179782 0.033078045 0.032497074 0.05539334 0.021184385 0.023459792 0.014488548 0.029836215 0.0145292
mgau 61
feat 0
density 	0 1.9435254 0.12565495 0.088981576 0.056149073 0.05405074 0.036820777 0.04031778 0.040816307 0.03953061 0.0314567 0.021177754 0.027944358 0.021820925
mgau 62
feat 0
density 	0 2.3869443 0.11038579 0.078669146 0.076766424 0.060445067 0.053676795 0.04250219 0.04024449 0.036472153 0.058668282 0.036918536 0.04006286 0.03331886
mgau 63
feat 0
density 	0 2.9686766 0.1327124 0.12318574 0.103363335 0.08360093 0.048101127 0.055021223 0.04240543 0.04738739 0.03467402 0.027437907 0.031557743 0.024396688
mgau 64
feat 0
density 	0 1.3326592 0.12161534 0.09445291 0.06190366 0.044603907 0.04106066 0.043422878 0.038922712 0.028445885 0.036859386 0.028058562 0.034296043 0.026996644
mgau 65
feat 0
density 	0 3.1050832 0.21260232 0.11694167 0.0784552 0.04691713 0.041343074 0.032928664 0.030337298 0.04390259 0.027729752 0.02116954 0.025236728 0.022260055
mgau 66
feat 0
density 	0 10.011979 0.3811125 0.14331135 0.15544832 0.10935625 0.04555852 0.052009277 0.035521902 0.03935398 0.039318614 0.028010763 0.027659228 0.022350311
mgau 67
feat 0
density 	0 1.9861764 0.1409324 0.15824229 0.07652314 0.081555635 0.047916647 0.048475996 0.03627573 0.041103605 0.053781644 0.029009752 0.024073865 0.02273041
mgau 68
feat 0
density 	0 2.1997457 0.13436611 0.13825148 0.067313865 0.08149435 0.054480422 0.037517264 0.037407428 0.0471767 0.04092679 0.032597143 0.029961828 0.025592033
mgau 69
feat 0
density 	0 4.642587 0.26470232 0.11311254 0.10376604 0.053769197 0.02707719 0.027846238 0.020453755 0.022689993 0.01904302 0.017282486 0.012091496 0.015510125
mgau 70
feat 0
density 	0 9.315808 0.20258325 0.09261398 0.062411316 0.03175769 0.028242202 0.033379905 0.018492404 0.016101755 0.0159433 0.015608483 0.011832978 0.010183656
mgau 71
feat 0
density 	0 2.1351857 0.22570013 0.097828224 0.0438999 0.042586055 0.025792744 0.020700153 0.021330195 0.016919682 0.01594218 0.011816041 0.012536543 0.014136148
mgau 72
feat 0
density 	0 4.4709024 0.35089517 0.19299453 0.14047775 0.06330189 0.050940756 0.0698195 0.07189935 0.034175277 0.03195492 0.03331523 0.027399808 0.020475172
mgau 73
feat 0
density 	0 1.820868 0.14570636 0.103704125 0.1482943 0.064360745 0.061555997 0.05814422 0.07399198 0.033894207 0.033504877 0.03405675 0.021605002 0.022139389
mgau 74
feat 0
density 	0 4.308396 0.27837786 0.13535136 0.24494238 0.08877484 0.0650366 0.060194626 0.061470628 0.03472248 0.049907528 0.03901402 0.025914967 0.02459062
mgau 75
feat 0
density 	0 5.3376555 0.8254118 0.12026883 0.1379055 0.052066 0.0422745 0.04000873 0.029304845 0.027200345 0.024894634 0.018027205 0.02012834 0.015907587
mgau 76
feat 0
density 	0 0.9354127 0.14704917 0.08495882 0.075385034 0.066535875 0.0478111 0.03322348 0.020945901 0.016519036 0.01887122 0.0133895585 0.011657888 0.012951445
mgau 77
feat 0
density 	0 1.6679639 0.3129406 0.095157616 0.0696753 0.058989324 0.052715905 0.031283233 0.023468979 0.020840144 0.019645324 0.015738104 0.01616095 0.01432545
mgau 78
feat 0
density 	0 3.28491 0.29730433 0.109246396 0.10986951 0.050955195 0.042546775 0.034654833 0.027951308 0.024829837 0.02226182 0.015861837 0.016904775 0.013932692
mgau 79
feat 0
density 	0 2.5468154 0.19925468 0.09655794 0.06941983 0.034748245 0.026166487 0.027162202 0.021457015 0.023830486 0.023201073 0.017589627 0.014079833 0.014690698
mgau 80
feat 0
density 	0 1.5928538 0.10185737 0.0398129 0.0577607 0.025574908 0.017362235 0.017574424 0.015014804 0.013111159 0.015205845 0.011034741 0.01083325 0.010901852
mgau 81
feat 0
density 	0 4.612675 0.40055203 0.13984138 0.19128361 0.06689669 0.047244743 0.036283463 0.030635756 0.027739417 0.027687281 0.019746074 0.020310247 0.018914962
mgau 82
feat 0
density 	0 1.5603302 0.16693732 0.064794995 0.05184546 0.027318863 0.020473871 0.018230112 0.015849847 0.01347199 0.014359359 0.011179248 0.010543794 0.011432035
mgau 83
feat 0
density 	0 2.1733418 0.33410686 0.12776683 0.11180058 0.051057678 0.032268364 0.03064725 0.024719942 0.022729494 0.020094315 0.015206906 0.013700043 0.017085511
mgau 84
feat 0
density 	0 3.9313006 0.37579426 0.09259962 0.073325336 0.031781226 0.029306456 0.02061238 0.018081833 0.018061515 0.019114396 0.013459108 0.014131199 0.013390271
mgau 85
feat 0
density 	0 1.6224782 0.24195728 0.103064135 0.093604624 0.032626428 0.027101532 0.022247443 0.017449738 0.015451568 0.016499262 0.013374311 0.012513641 0.012358214
mgau 86
feat 0
density 	0 2.0753825 0.63216805 0.10997304 0.07737852 0.041643776 0.04378799 0.029428557 0.03685024 0.024495658 0.017741805 0.01732008 0.012332546 0.013126782
mgau 87
feat 0
density 	0 1.5263463 0.21340604 0.08206388 0.07633598 0.057321265 0.025611026 0.029347552 0.034472715 0.033417773 0.028060678 0.020213181 0.017044831 0.024185082
mgau 88
feat 0
density 	0 1.3111062 0.15099294 0.06639548 0.09089699 0.049405944 0.040035084 0.038505986 0.031893685 0.033415344 0.028971225 0.020222737 0.01978206 0.03996752
mgau 89
feat 0
density 	0 2.0032303 0.21724714 0.102338344 0.115664445 0.07512788 0.040179137 0.04951837 0.043861594 0.03655472 0.043508824 0.022400504 0.026195953 0.028436022
mgau 90
feat 0
density 	0 2.783373 0.16983569 0.10872253 0.085261114 0.06675093 0.03187767 0.03933275 0.03671128 0.027526794 0.028031355 0.023290087 0.017216392 0.019966492
mgau 91
feat 0
density 	0 2.0146854 0.3035692 0.074453436 0.051502567 0.039922163 0.024191711 0.02935929 0.024708442 0.019974735 0.017733308 0.013606957 0.015874296 0.015487173
mgau 92
feat 0
density 	0 3.1737218 0.47454682 0.074788846 0.049063575 0.03601061 0.022447364 0.019873546 0.017643295 0.018120904 0.014398412 0.013153548 0.011903419 0.0129523575
mgau 93
feat 0
density 	0 2.2322714 0.28020763 0.150742 0.096938804 0.08627865 0.070694774 0.038691763 0.025900299 0.027204813 0.023908496 0.020615594 0.017911477 0.017413607
mgau 94
feat 0
density 	0 1.31138 0.10019605 0.1040164 0.0797203 0.063832365 0.051192198 0.04025963 0.03537172 0.02991817 0.029754693 0.030731734 0.020884452 0.020920863
mgau 95
feat 0
density 	0 1.3611614 0.10020641 0.107829496 0.06372537 0.067849085 0.060045753 0.038509857 0.0393676 0.03283468 0.03249206 0.030506188 0.023938496 0.024388092
mgau 96
feat 0
density 	0 4.1219554 0.47294408 0.14558902 0.2078552 0.06857126 0.04863368 0.034381475 0.021551194 0.027648821 0.030718075 0.018574763 0.016446821 0.022924533
mgau 97
feat 0
density 	0 1.1138761 0.114034906 0.079837926 0.047669537 0.049085263 0.033823904 0.020753425 0.019716522 0.036971226 0.030977383 0.018228935 0.01655645 0.02742399
mgau 98
feat 0
density 	0 1.1778847 0.104005665 0.061902344 0.063379355 0.053881075 0.021516932 0.031593908 0.022241067 0.03825642 0.024215832 0.021067197 0.015460712 0.02662073
mgau 99
feat 0
density 	0 4.8688912 0.18127665 0.09223889 0.09211207 0.043902755 0.03784398 0.025994089 0.025781084 0.020007769 0.02037509 0.021319386 0.02336421 0.017983105
mgau 100
feat 0
density 	0 1.1039644 0.44298363 0.0909705 0.11207871 0.09864327 0.06010497 0.047103498 0.033226818 0.019951878 0.023105357 0.021542743 0.021251384 0.011706743
mgau 101
feat 0
density 	0 0.9590377 0.27006334 0.12121695 0.101664305 0.08010265 0.04443505 0.038242877 0.022738306 0.023694135 0.018915085 0.018618228 0.01619876 0.012238566
